configuration,model_tier,strategy,case_id,latency_ms
cheap__single_pass,cheap,single_pass,case_0001,2018
cheap__single_pass,cheap,single_pass,case_0002,1397
cheap__single_pass,cheap,single_pass,case_0003,1423
cheap__single_pass,cheap,single_pass,case_0004,1463
cheap__single_pass,cheap,single_pass,case_0005,854
cheap__single_pass,cheap,single_pass,case_0006,1804
cheap__single_pass,cheap,single_pass,case_0007,1015
cheap__single_pass,cheap,single_pass,case_0008,1206
cheap__single_pass,cheap,single_pass,case_0009,1162
cheap__single_pass,cheap,single_pass,case_0010,1019
cheap__single_pass,cheap,single_pass,case_0011,1689
cheap__single_pass,cheap,single_pass,case_0012,1485
cheap__single_pass,cheap,single_pass,case_0013,1351
cheap__single_pass,cheap,single_pass,case_0014,2113
cheap__single_pass,cheap,single_pass,case_0015,864
cheap__single_pass,cheap,single_pass,case_0016,1865
cheap__single_pass,cheap,single_pass,case_0017,1165
cheap__single_pass,cheap,single_pass,case_0018,974
cheap__single_pass,cheap,single_pass,case_0019,951
cheap__single_pass,cheap,single_pass,case_0020,939
cheap__single_pass,cheap,single_pass,case_0021,899
cheap__single_pass,cheap,single_pass,case_0022,1173
cheap__single_pass,cheap,single_pass,case_0023,903
cheap__single_pass,cheap,single_pass,case_0024,1217
cheap__single_pass,cheap,single_pass,case_0025,1316
cheap__single_pass,cheap,single_pass,case_0026,1348
cheap__single_pass,cheap,single_pass,case_0027,1102
cheap__single_pass,cheap,single_pass,case_0028,14569
cheap__single_pass,cheap,single_pass,case_0029,962
cheap__single_pass,cheap,single_pass,case_0030,1325
cheap__single_pass,cheap,single_pass,case_0031,1509
cheap__single_pass,cheap,single_pass,case_0032,957
cheap__single_pass,cheap,single_pass,case_0033,886
cheap__single_pass,cheap,single_pass,case_0034,1213
cheap__single_pass,cheap,single_pass,case_0035,1818
cheap__single_pass,cheap,single_pass,case_0036,1364
cheap__single_pass,cheap,single_pass,case_0037,981
cheap__single_pass,cheap,single_pass,case_0038,1363
cheap__single_pass,cheap,single_pass,case_0039,807
cheap__single_pass,cheap,single_pass,case_0040,953
cheap__single_pass,cheap,single_pass,case_0041,1073
cheap__single_pass,cheap,single_pass,case_0042,915
cheap__single_pass,cheap,single_pass,case_0043,1600
cheap__single_pass,cheap,single_pass,case_0044,1286
cheap__single_pass,cheap,single_pass,case_0045,1275
cheap__single_pass,cheap,single_pass,case_0046,1297
cheap__single_pass,cheap,single_pass,case_0047,1268
cheap__single_pass,cheap,single_pass,case_0048,911
cheap__single_pass,cheap,single_pass,case_0049,1705
cheap__single_pass,cheap,single_pass,case_0050,1194
cheap__single_pass,cheap,single_pass,case_0051,1365
cheap__single_pass,cheap,single_pass,case_0052,1010
cheap__single_pass,cheap,single_pass,case_0053,983
cheap__single_pass,cheap,single_pass,case_0054,921
cheap__single_pass,cheap,single_pass,case_0055,888
cheap__single_pass,cheap,single_pass,case_0056,1049
cheap__single_pass,cheap,single_pass,case_0057,976
cheap__single_pass,cheap,single_pass,case_0058,880
cheap__single_pass,cheap,single_pass,case_0059,996
cheap__single_pass,cheap,single_pass,case_0060,898
cheap__single_pass,cheap,single_pass,case_0061,1206
cheap__single_pass,cheap,single_pass,case_0062,960
cheap__single_pass,cheap,single_pass,case_0063,1049
cheap__single_pass,cheap,single_pass,case_0064,1309
cheap__single_pass,cheap,single_pass,case_0065,959
cheap__single_pass,cheap,single_pass,case_0066,1167
cheap__single_pass,cheap,single_pass,case_0067,1138
cheap__single_pass,cheap,single_pass,case_0068,866
cheap__single_pass,cheap,single_pass,case_0069,937
cheap__single_pass,cheap,single_pass,case_0070,982
cheap__single_pass,cheap,single_pass,case_0071,889
cheap__single_pass,cheap,single_pass,case_0072,1244
cheap__single_pass,cheap,single_pass,case_0073,894
cheap__single_pass,cheap,single_pass,case_0074,1105
cheap__single_pass,cheap,single_pass,case_0075,817
cheap__single_pass,cheap,single_pass,case_0076,1135
cheap__single_pass,cheap,single_pass,case_0077,1214
cheap__single_pass,cheap,single_pass,case_0078,1050
cheap__single_pass,cheap,single_pass,case_0079,1199
cheap__single_pass,cheap,single_pass,case_0080,959
cheap__single_pass,cheap,single_pass,case_0081,961
cheap__single_pass,cheap,single_pass,case_0082,1086
cheap__single_pass,cheap,single_pass,case_0083,949
cheap__single_pass,cheap,single_pass,case_0084,1259
cheap__single_pass,cheap,single_pass,case_0085,1134
cheap__single_pass,cheap,single_pass,case_0086,891
cheap__single_pass,cheap,single_pass,case_0087,1309
cheap__single_pass,cheap,single_pass,case_0088,1275
cheap__single_pass,cheap,single_pass,case_0089,1496
cheap__single_pass,cheap,single_pass,case_0090,984
cheap__single_pass,cheap,single_pass,case_0091,1317
cheap__single_pass,cheap,single_pass,case_0092,1467
cheap__single_pass,cheap,single_pass,case_0093,1388
cheap__single_pass,cheap,single_pass,case_0094,988
cheap__single_pass,cheap,single_pass,case_0095,1243
cheap__single_pass,cheap,single_pass,case_0096,1107
cheap__single_pass,cheap,single_pass,case_0097,894
cheap__single_pass,cheap,single_pass,case_0098,1956
cheap__single_pass,cheap,single_pass,case_0099,1024
cheap__single_pass,cheap,single_pass,case_0100,1657
cheap__single_pass,cheap,single_pass,case_0101,1136
cheap__single_pass,cheap,single_pass,case_0102,1106
cheap__single_pass,cheap,single_pass,case_0103,1733
cheap__single_pass,cheap,single_pass,case_0104,1384
cheap__single_pass,cheap,single_pass,case_0105,1078
cheap__single_pass,cheap,single_pass,case_0106,1120
cheap__single_pass,cheap,single_pass,case_0107,1428
cheap__single_pass,cheap,single_pass,case_0108,1280
cheap__single_pass,cheap,single_pass,case_0109,981
cheap__single_pass,cheap,single_pass,case_0110,865
cheap__single_pass,cheap,single_pass,case_0111,1469
cheap__single_pass,cheap,single_pass,case_0112,1034
cheap__single_pass,cheap,single_pass,case_0113,1041
cheap__single_pass,cheap,single_pass,case_0114,1711
cheap__single_pass,cheap,single_pass,case_0115,1068
cheap__single_pass,cheap,single_pass,case_0116,1012
cheap__single_pass,cheap,single_pass,case_0117,1077
cheap__single_pass,cheap,single_pass,case_0118,1404
cheap__single_pass,cheap,single_pass,case_0119,1079
cheap__single_pass,cheap,single_pass,case_0120,1060
cheap__single_pass,cheap,single_pass,case_0121,1280
cheap__single_pass,cheap,single_pass,case_0122,803
cheap__single_pass,cheap,single_pass,case_0123,867
cheap__single_pass,cheap,single_pass,case_0124,1348
cheap__single_pass,cheap,single_pass,case_0125,1264
cheap__single_pass,cheap,single_pass,case_0126,1057
cheap__single_pass,cheap,single_pass,case_0127,1193
cheap__single_pass,cheap,single_pass,case_0128,1447
cheap__single_pass,cheap,single_pass,case_0129,1424
cheap__single_pass,cheap,single_pass,case_0130,1136
cheap__single_pass,cheap,single_pass,case_0131,1020
cheap__single_pass,cheap,single_pass,case_0132,976
cheap__single_pass,cheap,single_pass,case_0133,1020
cheap__single_pass,cheap,single_pass,case_0134,889
cheap__single_pass,cheap,single_pass,case_0135,958
cheap__single_pass,cheap,single_pass,case_0136,929
cheap__single_pass,cheap,single_pass,case_0137,995
cheap__single_pass,cheap,single_pass,case_0138,2291
cheap__single_pass,cheap,single_pass,case_0139,1093
cheap__single_pass,cheap,single_pass,case_0140,1501
cheap__single_pass,cheap,single_pass,case_0141,974
cheap__single_pass,cheap,single_pass,case_0142,1079
cheap__single_pass,cheap,single_pass,case_0143,1084
cheap__single_pass,cheap,single_pass,case_0144,1158
cheap__single_pass,cheap,single_pass,case_0145,3756
cheap__single_pass,cheap,single_pass,case_0146,944
cheap__single_pass,cheap,single_pass,case_0147,1661
cheap__single_pass,cheap,single_pass,case_0148,1425
cheap__single_pass,cheap,single_pass,case_0149,1000
cheap__single_pass,cheap,single_pass,case_0150,919
cheap__single_pass,cheap,single_pass,case_0151,1273
cheap__single_pass,cheap,single_pass,case_0152,908
cheap__single_pass,cheap,single_pass,case_0153,1100
cheap__single_pass,cheap,single_pass,case_0154,1264
cheap__single_pass,cheap,single_pass,case_0155,1186
cheap__single_pass,cheap,single_pass,case_0156,1249
cheap__single_pass,cheap,single_pass,case_0157,1396
cheap__single_pass,cheap,single_pass,case_0158,1144
cheap__single_pass,cheap,single_pass,case_0159,1189
cheap__single_pass,cheap,single_pass,case_0160,1168
cheap__single_pass,cheap,single_pass,case_0161,1183
cheap__single_pass,cheap,single_pass,case_0162,906
cheap__single_pass,cheap,single_pass,case_0163,989
cheap__single_pass,cheap,single_pass,case_0164,1254
cheap__single_pass,cheap,single_pass,case_0165,1050
cheap__single_pass,cheap,single_pass,case_0166,1016
cheap__single_pass,cheap,single_pass,case_0167,1060
cheap__single_pass,cheap,single_pass,case_0168,926
cheap__single_pass,cheap,single_pass,case_0169,1294
cheap__single_pass,cheap,single_pass,case_0170,1225
cheap__single_pass,cheap,single_pass,case_0171,1328
cheap__single_pass,cheap,single_pass,case_0172,923
cheap__single_pass,cheap,single_pass,case_0173,1209
cheap__single_pass,cheap,single_pass,case_0174,1286
cheap__single_pass,cheap,single_pass,case_0175,1262
cheap__single_pass,cheap,single_pass,case_0176,929
cheap__single_pass,cheap,single_pass,case_0177,1127
cheap__single_pass,cheap,single_pass,case_0178,873
cheap__single_pass,cheap,single_pass,case_0179,1259
cheap__single_pass,cheap,single_pass,case_0180,989
cheap__single_pass,cheap,single_pass,case_0181,1080
cheap__single_pass,cheap,single_pass,case_0182,1104
cheap__single_pass,cheap,single_pass,case_0183,1051
cheap__single_pass,cheap,single_pass,case_0184,1043
cheap__single_pass,cheap,single_pass,case_0185,1308
cheap__single_pass,cheap,single_pass,case_0186,987
cheap__single_pass,cheap,single_pass,case_0187,1738
cheap__single_pass,cheap,single_pass,case_0188,920
cheap__single_pass,cheap,single_pass,case_0189,1600
cheap__single_pass,cheap,single_pass,case_0190,941
cheap__single_pass,cheap,single_pass,case_0191,1312
cheap__single_pass,cheap,single_pass,case_0192,1955
cheap__single_pass,cheap,single_pass,case_0193,1022
cheap__single_pass,cheap,single_pass,case_0194,815
cheap__single_pass,cheap,single_pass,case_0195,1686
cheap__single_pass,cheap,single_pass,case_0196,1616
cheap__single_pass,cheap,single_pass,case_0197,930
cheap__single_pass,cheap,single_pass,case_0198,1190
cheap__single_pass,cheap,single_pass,case_0199,1171
cheap__single_pass,cheap,single_pass,case_0200,988
cheap__single_pass,cheap,single_pass,case_0201,1380
cheap__single_pass,cheap,single_pass,case_0202,973
cheap__single_pass,cheap,single_pass,case_0203,995
cheap__single_pass,cheap,single_pass,case_0204,981
cheap__single_pass,cheap,single_pass,case_0205,826
cheap__single_pass,cheap,single_pass,case_0206,1054
cheap__single_pass,cheap,single_pass,case_0207,912
cheap__single_pass,cheap,single_pass,case_0208,3053
cheap__single_pass,cheap,single_pass,case_0209,972
cheap__single_pass,cheap,single_pass,case_0210,887
cheap__single_pass,cheap,single_pass,case_0211,799
cheap__single_pass,cheap,single_pass,case_0212,1062
cheap__single_pass,cheap,single_pass,case_0213,970
cheap__single_pass,cheap,single_pass,case_0214,863
cheap__single_pass,cheap,single_pass,case_0215,944
cheap__single_pass,cheap,single_pass,case_0216,1478
cheap__single_pass,cheap,single_pass,case_0217,1290
cheap__single_pass,cheap,single_pass,case_0218,863
cheap__single_pass,cheap,single_pass,case_0219,1003
cheap__single_pass,cheap,single_pass,case_0220,983
cheap__single_pass,cheap,single_pass,case_0221,886
cheap__single_pass,cheap,single_pass,case_0222,1643
cheap__single_pass,cheap,single_pass,case_0223,1199
cheap__single_pass,cheap,single_pass,case_0224,1260
cheap__single_pass,cheap,single_pass,case_0225,878
cheap__single_pass,cheap,single_pass,case_0226,940
cheap__single_pass,cheap,single_pass,case_0227,1373
cheap__single_pass,cheap,single_pass,case_0228,958
cheap__single_pass,cheap,single_pass,case_0229,1366
cheap__single_pass,cheap,single_pass,case_0230,885
cheap__single_pass,cheap,single_pass,case_0231,1645
cheap__single_pass,cheap,single_pass,case_0232,1922
cheap__single_pass,cheap,single_pass,case_0233,1481
cheap__single_pass,cheap,single_pass,case_0234,1406
cheap__single_pass,cheap,single_pass,case_0235,838
cheap__single_pass,cheap,single_pass,case_0236,974
cheap__single_pass,cheap,single_pass,case_0237,1365
cheap__single_pass,cheap,single_pass,case_0238,965
cheap__single_pass,cheap,single_pass,case_0239,1077
cheap__single_pass,cheap,single_pass,case_0240,1252
cheap__single_pass,cheap,single_pass,case_0241,1672
cheap__single_pass,cheap,single_pass,case_0242,1079
cheap__single_pass,cheap,single_pass,case_0243,1023
cheap__single_pass,cheap,single_pass,case_0244,1473
cheap__single_pass,cheap,single_pass,case_0245,1502
cheap__single_pass,cheap,single_pass,case_0246,1187
cheap__single_pass,cheap,single_pass,case_0247,1104
cheap__single_pass,cheap,single_pass,case_0248,1150
cheap__single_pass,cheap,single_pass,case_0249,824
cheap__single_pass,cheap,single_pass,case_0250,1530
cheap__single_pass,cheap,single_pass,case_0251,1223
cheap__single_pass,cheap,single_pass,case_0252,1054
cheap__single_pass,cheap,single_pass,case_0253,1047
cheap__single_pass,cheap,single_pass,case_0254,819
cheap__single_pass,cheap,single_pass,case_0255,965
cheap__single_pass,cheap,single_pass,case_0256,1507
cheap__single_pass,cheap,single_pass,case_0257,1439
cheap__single_pass,cheap,single_pass,case_0258,2118
cheap__single_pass,cheap,single_pass,case_0259,1431
cheap__single_pass,cheap,single_pass,case_0260,1206
cheap__single_pass,cheap,single_pass,case_0261,981
cheap__single_pass,cheap,single_pass,case_0262,1013
cheap__single_pass,cheap,single_pass,case_0263,1020
cheap__single_pass,cheap,single_pass,case_0264,920
cheap__single_pass,cheap,single_pass,case_0265,927
cheap__single_pass,cheap,single_pass,case_0266,1008
cheap__single_pass,cheap,single_pass,case_0267,970
cheap__single_pass,cheap,single_pass,case_0268,918
cheap__single_pass,cheap,single_pass,case_0269,1294
cheap__single_pass,cheap,single_pass,case_0270,925
cheap__single_pass,cheap,single_pass,case_0271,979
cheap__single_pass,cheap,single_pass,case_0272,1453
cheap__single_pass,cheap,single_pass,case_0273,1105
cheap__single_pass,cheap,single_pass,case_0274,1114
cheap__single_pass,cheap,single_pass,case_0275,1305
cheap__single_pass,cheap,single_pass,case_0276,1995
cheap__single_pass,cheap,single_pass,case_0277,1143
cheap__single_pass,cheap,single_pass,case_0278,1291
cheap__single_pass,cheap,single_pass,case_0279,1275
cheap__single_pass,cheap,single_pass,case_0280,1056
cheap__single_pass,cheap,single_pass,case_0281,1554
cheap__single_pass,cheap,single_pass,case_0282,1220
cheap__single_pass,cheap,single_pass,case_0283,936
cheap__single_pass,cheap,single_pass,case_0284,1612
cheap__single_pass,cheap,single_pass,case_0285,879
cheap__single_pass,cheap,single_pass,case_0286,1057
cheap__single_pass,cheap,single_pass,case_0287,917
cheap__single_pass,cheap,single_pass,case_0288,834
cheap__single_pass,cheap,single_pass,case_0289,957
cheap__single_pass,cheap,single_pass,case_0290,1395
cheap__single_pass,cheap,single_pass,case_0291,938
cheap__single_pass,cheap,single_pass,case_0292,895
cheap__single_pass,cheap,single_pass,case_0293,889
cheap__single_pass,cheap,single_pass,case_0294,1021
cheap__single_pass,cheap,single_pass,case_0295,1147
cheap__single_pass,cheap,single_pass,case_0296,961
cheap__single_pass,cheap,single_pass,case_0297,987
cheap__single_pass,cheap,single_pass,case_0298,910
cheap__single_pass,cheap,single_pass,case_0299,1233
cheap__single_pass,cheap,single_pass,case_0300,881
cheap__self_check,cheap,self_check,case_0001,2393
cheap__self_check,cheap,self_check,case_0002,2026
cheap__self_check,cheap,self_check,case_0003,2190
cheap__self_check,cheap,self_check,case_0004,2298
cheap__self_check,cheap,self_check,case_0005,1862
cheap__self_check,cheap,self_check,case_0006,2354
cheap__self_check,cheap,self_check,case_0007,1783
cheap__self_check,cheap,self_check,case_0008,1641
cheap__self_check,cheap,self_check,case_0009,2557
cheap__self_check,cheap,self_check,case_0010,2535
cheap__self_check,cheap,self_check,case_0011,3622
cheap__self_check,cheap,self_check,case_0012,2470
cheap__self_check,cheap,self_check,case_0013,2044
cheap__self_check,cheap,self_check,case_0014,2922
cheap__self_check,cheap,self_check,case_0015,1697
cheap__self_check,cheap,self_check,case_0016,3656
cheap__self_check,cheap,self_check,case_0017,2304
cheap__self_check,cheap,self_check,case_0018,1902
cheap__self_check,cheap,self_check,case_0019,1767
cheap__self_check,cheap,self_check,case_0020,2310
cheap__self_check,cheap,self_check,case_0021,1893
cheap__self_check,cheap,self_check,case_0022,2335
cheap__self_check,cheap,self_check,case_0023,1701
cheap__self_check,cheap,self_check,case_0024,2160
cheap__self_check,cheap,self_check,case_0025,2797
cheap__self_check,cheap,self_check,case_0026,2678
cheap__self_check,cheap,self_check,case_0027,1997
cheap__self_check,cheap,self_check,case_0028,2609
cheap__self_check,cheap,self_check,case_0029,1735
cheap__self_check,cheap,self_check,case_0030,1704
cheap__self_check,cheap,self_check,case_0031,2989
cheap__self_check,cheap,self_check,case_0032,2023
cheap__self_check,cheap,self_check,case_0033,1956
cheap__self_check,cheap,self_check,case_0034,2246
cheap__self_check,cheap,self_check,case_0035,3720
cheap__self_check,cheap,self_check,case_0036,2741
cheap__self_check,cheap,self_check,case_0037,2006
cheap__self_check,cheap,self_check,case_0038,1832
cheap__self_check,cheap,self_check,case_0039,2021
cheap__self_check,cheap,self_check,case_0040,2338
cheap__self_check,cheap,self_check,case_0041,1923
cheap__self_check,cheap,self_check,case_0042,1824
cheap__self_check,cheap,self_check,case_0043,2323
cheap__self_check,cheap,self_check,case_0044,3123
cheap__self_check,cheap,self_check,case_0045,2467
cheap__self_check,cheap,self_check,case_0046,4410
cheap__self_check,cheap,self_check,case_0047,2142
cheap__self_check,cheap,self_check,case_0048,2885
cheap__self_check,cheap,self_check,case_0049,3766
cheap__self_check,cheap,self_check,case_0050,3168
cheap__self_check,cheap,self_check,case_0051,3142
cheap__self_check,cheap,self_check,case_0052,1840
cheap__self_check,cheap,self_check,case_0053,2195
cheap__self_check,cheap,self_check,case_0054,2686
cheap__self_check,cheap,self_check,case_0055,2299
cheap__self_check,cheap,self_check,case_0056,2653
cheap__self_check,cheap,self_check,case_0057,2152
cheap__self_check,cheap,self_check,case_0058,1950
cheap__self_check,cheap,self_check,case_0059,1973
cheap__self_check,cheap,self_check,case_0060,1748
cheap__self_check,cheap,self_check,case_0061,3221
cheap__self_check,cheap,self_check,case_0062,2960
cheap__self_check,cheap,self_check,case_0063,1917
cheap__self_check,cheap,self_check,case_0064,2582
cheap__self_check,cheap,self_check,case_0065,1943
cheap__self_check,cheap,self_check,case_0066,2391
cheap__self_check,cheap,self_check,case_0067,1950
cheap__self_check,cheap,self_check,case_0068,1825
cheap__self_check,cheap,self_check,case_0069,1997
cheap__self_check,cheap,self_check,case_0070,2460
cheap__self_check,cheap,self_check,case_0071,1885
cheap__self_check,cheap,self_check,case_0072,1917
cheap__self_check,cheap,self_check,case_0073,2099
cheap__self_check,cheap,self_check,case_0074,2169
cheap__self_check,cheap,self_check,case_0075,2450
cheap__self_check,cheap,self_check,case_0076,2165
cheap__self_check,cheap,self_check,case_0077,2633
cheap__self_check,cheap,self_check,case_0078,1912
cheap__self_check,cheap,self_check,case_0079,2599
cheap__self_check,cheap,self_check,case_0080,2354
cheap__self_check,cheap,self_check,case_0081,1798
cheap__self_check,cheap,self_check,case_0082,1898
cheap__self_check,cheap,self_check,case_0083,1802
cheap__self_check,cheap,self_check,case_0084,2442
cheap__self_check,cheap,self_check,case_0085,2139
cheap__self_check,cheap,self_check,case_0086,1955
cheap__self_check,cheap,self_check,case_0087,2302
cheap__self_check,cheap,self_check,case_0088,2228
cheap__self_check,cheap,self_check,case_0089,2011
cheap__self_check,cheap,self_check,case_0090,2122
cheap__self_check,cheap,self_check,case_0091,2015
cheap__self_check,cheap,self_check,case_0092,2833
cheap__self_check,cheap,self_check,case_0093,2730
cheap__self_check,cheap,self_check,case_0094,2122
cheap__self_check,cheap,self_check,case_0095,1972
cheap__self_check,cheap,self_check,case_0096,2337
cheap__self_check,cheap,self_check,case_0097,2169
cheap__self_check,cheap,self_check,case_0098,3592
cheap__self_check,cheap,self_check,case_0099,2027
cheap__self_check,cheap,self_check,case_0100,1789
cheap__self_check,cheap,self_check,case_0101,1876
cheap__self_check,cheap,self_check,case_0102,1736
cheap__self_check,cheap,self_check,case_0103,3564
cheap__self_check,cheap,self_check,case_0104,2108
cheap__self_check,cheap,self_check,case_0105,2083
cheap__self_check,cheap,self_check,case_0106,2423
cheap__self_check,cheap,self_check,case_0107,2711
cheap__self_check,cheap,self_check,case_0108,2624
cheap__self_check,cheap,self_check,case_0109,2341
cheap__self_check,cheap,self_check,case_0110,2252
cheap__self_check,cheap,self_check,case_0111,2430
cheap__self_check,cheap,self_check,case_0112,1885
cheap__self_check,cheap,self_check,case_0113,2024
cheap__self_check,cheap,self_check,case_0114,4439
cheap__self_check,cheap,self_check,case_0115,2070
cheap__self_check,cheap,self_check,case_0116,1977
cheap__self_check,cheap,self_check,case_0117,2278
cheap__self_check,cheap,self_check,case_0118,1886
cheap__self_check,cheap,self_check,case_0119,1901
cheap__self_check,cheap,self_check,case_0120,1875
cheap__self_check,cheap,self_check,case_0121,1810
cheap__self_check,cheap,self_check,case_0122,1866
cheap__self_check,cheap,self_check,case_0123,1863
cheap__self_check,cheap,self_check,case_0124,1935
cheap__self_check,cheap,self_check,case_0125,1860
cheap__self_check,cheap,self_check,case_0126,1864
cheap__self_check,cheap,self_check,case_0127,2637
cheap__self_check,cheap,self_check,case_0128,2169
cheap__self_check,cheap,self_check,case_0129,1886
cheap__self_check,cheap,self_check,case_0130,1866
cheap__self_check,cheap,self_check,case_0131,1831
cheap__self_check,cheap,self_check,case_0132,1826
cheap__self_check,cheap,self_check,case_0133,2202
cheap__self_check,cheap,self_check,case_0134,1854
cheap__self_check,cheap,self_check,case_0135,1951
cheap__self_check,cheap,self_check,case_0136,1825
cheap__self_check,cheap,self_check,case_0137,1749
cheap__self_check,cheap,self_check,case_0138,1978
cheap__self_check,cheap,self_check,case_0139,2191
cheap__self_check,cheap,self_check,case_0140,2089
cheap__self_check,cheap,self_check,case_0141,1959
cheap__self_check,cheap,self_check,case_0142,2146
cheap__self_check,cheap,self_check,case_0143,2523
cheap__self_check,cheap,self_check,case_0144,2582
cheap__self_check,cheap,self_check,case_0145,3251
cheap__self_check,cheap,self_check,case_0146,1926
cheap__self_check,cheap,self_check,case_0147,3633
cheap__self_check,cheap,self_check,case_0148,2904
cheap__self_check,cheap,self_check,case_0149,1947
cheap__self_check,cheap,self_check,case_0150,1792
cheap__self_check,cheap,self_check,case_0151,2259
cheap__self_check,cheap,self_check,case_0152,1768
cheap__self_check,cheap,self_check,case_0153,2025
cheap__self_check,cheap,self_check,case_0154,2617
cheap__self_check,cheap,self_check,case_0155,1843
cheap__self_check,cheap,self_check,case_0156,2210
cheap__self_check,cheap,self_check,case_0157,2907
cheap__self_check,cheap,self_check,case_0158,2127
cheap__self_check,cheap,self_check,case_0159,2230
cheap__self_check,cheap,self_check,case_0160,2621
cheap__self_check,cheap,self_check,case_0161,1623
cheap__self_check,cheap,self_check,case_0162,1807
cheap__self_check,cheap,self_check,case_0163,2474
cheap__self_check,cheap,self_check,case_0164,2221
cheap__self_check,cheap,self_check,case_0165,1981
cheap__self_check,cheap,self_check,case_0166,1869
cheap__self_check,cheap,self_check,case_0167,1803
cheap__self_check,cheap,self_check,case_0168,1914
cheap__self_check,cheap,self_check,case_0169,2092
cheap__self_check,cheap,self_check,case_0170,1946
cheap__self_check,cheap,self_check,case_0171,2259
cheap__self_check,cheap,self_check,case_0172,2006
cheap__self_check,cheap,self_check,case_0173,2350
cheap__self_check,cheap,self_check,case_0174,2294
cheap__self_check,cheap,self_check,case_0175,3042
cheap__self_check,cheap,self_check,case_0176,1916
cheap__self_check,cheap,self_check,case_0177,2366
cheap__self_check,cheap,self_check,case_0178,1837
cheap__self_check,cheap,self_check,case_0179,1914
cheap__self_check,cheap,self_check,case_0180,2697
cheap__self_check,cheap,self_check,case_0181,1661
cheap__self_check,cheap,self_check,case_0182,2421
cheap__self_check,cheap,self_check,case_0183,1993
cheap__self_check,cheap,self_check,case_0184,2196
cheap__self_check,cheap,self_check,case_0185,2430
cheap__self_check,cheap,self_check,case_0186,1899
cheap__self_check,cheap,self_check,case_0187,3464
cheap__self_check,cheap,self_check,case_0188,1845
cheap__self_check,cheap,self_check,case_0189,2415
cheap__self_check,cheap,self_check,case_0190,1938
cheap__self_check,cheap,self_check,case_0191,1961
cheap__self_check,cheap,self_check,case_0192,2781
cheap__self_check,cheap,self_check,case_0193,2188
cheap__self_check,cheap,self_check,case_0194,1800
cheap__self_check,cheap,self_check,case_0195,2987
cheap__self_check,cheap,self_check,case_0196,2734
cheap__self_check,cheap,self_check,case_0197,1812
cheap__self_check,cheap,self_check,case_0198,3546
cheap__self_check,cheap,self_check,case_0199,1929
cheap__self_check,cheap,self_check,case_0200,1981
cheap__self_check,cheap,self_check,case_0201,2320
cheap__self_check,cheap,self_check,case_0202,1832
cheap__self_check,cheap,self_check,case_0203,2218
cheap__self_check,cheap,self_check,case_0204,1869
cheap__self_check,cheap,self_check,case_0205,1946
cheap__self_check,cheap,self_check,case_0206,1794
cheap__self_check,cheap,self_check,case_0207,1856
cheap__self_check,cheap,self_check,case_0208,1977
cheap__self_check,cheap,self_check,case_0209,1873
cheap__self_check,cheap,self_check,case_0210,1892
cheap__self_check,cheap,self_check,case_0211,1901
cheap__self_check,cheap,self_check,case_0212,1903
cheap__self_check,cheap,self_check,case_0213,2021
cheap__self_check,cheap,self_check,case_0214,1998
cheap__self_check,cheap,self_check,case_0215,2099
cheap__self_check,cheap,self_check,case_0216,2418
cheap__self_check,cheap,self_check,case_0217,2819
cheap__self_check,cheap,self_check,case_0218,1761
cheap__self_check,cheap,self_check,case_0219,1797
cheap__self_check,cheap,self_check,case_0220,2158
cheap__self_check,cheap,self_check,case_0221,1792
cheap__self_check,cheap,self_check,case_0222,3681
cheap__self_check,cheap,self_check,case_0223,3428
cheap__self_check,cheap,self_check,case_0224,2872
cheap__self_check,cheap,self_check,case_0225,2421
cheap__self_check,cheap,self_check,case_0226,2109
cheap__self_check,cheap,self_check,case_0227,2429
cheap__self_check,cheap,self_check,case_0228,1959
cheap__self_check,cheap,self_check,case_0229,2946
cheap__self_check,cheap,self_check,case_0230,1811
cheap__self_check,cheap,self_check,case_0231,2769
cheap__self_check,cheap,self_check,case_0232,3207
cheap__self_check,cheap,self_check,case_0233,2654
cheap__self_check,cheap,self_check,case_0234,2827
cheap__self_check,cheap,self_check,case_0235,1831
cheap__self_check,cheap,self_check,case_0236,1909
cheap__self_check,cheap,self_check,case_0237,2682
cheap__self_check,cheap,self_check,case_0238,1905
cheap__self_check,cheap,self_check,case_0239,1994
cheap__self_check,cheap,self_check,case_0240,2377
cheap__self_check,cheap,self_check,case_0241,1810
cheap__self_check,cheap,self_check,case_0242,2482
cheap__self_check,cheap,self_check,case_0243,1784
cheap__self_check,cheap,self_check,case_0244,3391
cheap__self_check,cheap,self_check,case_0245,2373
cheap__self_check,cheap,self_check,case_0246,2557
cheap__self_check,cheap,self_check,case_0247,2221
cheap__self_check,cheap,self_check,case_0248,2357
cheap__self_check,cheap,self_check,case_0249,1847
cheap__self_check,cheap,self_check,case_0250,2966
cheap__self_check,cheap,self_check,case_0251,1977
cheap__self_check,cheap,self_check,case_0252,2567
cheap__self_check,cheap,self_check,case_0253,1855
cheap__self_check,cheap,self_check,case_0254,2039
cheap__self_check,cheap,self_check,case_0255,1841
cheap__self_check,cheap,self_check,case_0256,2154
cheap__self_check,cheap,self_check,case_0257,2778
cheap__self_check,cheap,self_check,case_0258,2018
cheap__self_check,cheap,self_check,case_0259,2804
cheap__self_check,cheap,self_check,case_0260,2880
cheap__self_check,cheap,self_check,case_0261,2208
cheap__self_check,cheap,self_check,case_0262,2061
cheap__self_check,cheap,self_check,case_0263,1960
cheap__self_check,cheap,self_check,case_0264,1983
cheap__self_check,cheap,self_check,case_0265,2023
cheap__self_check,cheap,self_check,case_0266,1989
cheap__self_check,cheap,self_check,case_0267,2023
cheap__self_check,cheap,self_check,case_0268,1935
cheap__self_check,cheap,self_check,case_0269,3122
cheap__self_check,cheap,self_check,case_0270,1936
cheap__self_check,cheap,self_check,case_0271,2683
cheap__self_check,cheap,self_check,case_0272,3236
cheap__self_check,cheap,self_check,case_0273,1779
cheap__self_check,cheap,self_check,case_0274,2463
cheap__self_check,cheap,self_check,case_0275,2416
cheap__self_check,cheap,self_check,case_0276,3145
cheap__self_check,cheap,self_check,case_0277,2294
cheap__self_check,cheap,self_check,case_0278,2751
cheap__self_check,cheap,self_check,case_0279,2386
cheap__self_check,cheap,self_check,case_0280,2039
cheap__self_check,cheap,self_check,case_0281,2231
cheap__self_check,cheap,self_check,case_0282,2526
cheap__self_check,cheap,self_check,case_0283,1927
cheap__self_check,cheap,self_check,case_0284,2799
cheap__self_check,cheap,self_check,case_0285,1834
cheap__self_check,cheap,self_check,case_0286,2294
cheap__self_check,cheap,self_check,case_0287,1814
cheap__self_check,cheap,self_check,case_0288,2258
cheap__self_check,cheap,self_check,case_0289,1927
cheap__self_check,cheap,self_check,case_0290,2785
cheap__self_check,cheap,self_check,case_0291,2010
cheap__self_check,cheap,self_check,case_0292,2019
cheap__self_check,cheap,self_check,case_0293,1949
cheap__self_check,cheap,self_check,case_0294,2070
cheap__self_check,cheap,self_check,case_0295,2881
cheap__self_check,cheap,self_check,case_0296,1994
cheap__self_check,cheap,self_check,case_0297,2224
cheap__self_check,cheap,self_check,case_0298,2027
cheap__self_check,cheap,self_check,case_0299,3174
cheap__self_check,cheap,self_check,case_0300,3353
cheap__escalation,cheap,escalation,case_0001,1149
cheap__escalation,cheap,escalation,case_0002,1841
cheap__escalation,cheap,escalation,case_0003,1228
cheap__escalation,cheap,escalation,case_0004,1250
cheap__escalation,cheap,escalation,case_0005,1862
cheap__escalation,cheap,escalation,case_0006,1363
cheap__escalation,cheap,escalation,case_0007,1914
cheap__escalation,cheap,escalation,case_0008,2597
cheap__escalation,cheap,escalation,case_0009,1183
cheap__escalation,cheap,escalation,case_0010,1778
cheap__escalation,cheap,escalation,case_0011,1785
cheap__escalation,cheap,escalation,case_0012,1250
cheap__escalation,cheap,escalation,case_0013,1945
cheap__escalation,cheap,escalation,case_0014,1649
cheap__escalation,cheap,escalation,case_0015,1987
cheap__escalation,cheap,escalation,case_0016,1846
cheap__escalation,cheap,escalation,case_0017,1235
cheap__escalation,cheap,escalation,case_0018,2056
cheap__escalation,cheap,escalation,case_0019,1966
cheap__escalation,cheap,escalation,case_0020,1959
cheap__escalation,cheap,escalation,case_0021,1950
cheap__escalation,cheap,escalation,case_0022,1309
cheap__escalation,cheap,escalation,case_0023,1942
cheap__escalation,cheap,escalation,case_0024,1156
cheap__escalation,cheap,escalation,case_0025,1710
cheap__escalation,cheap,escalation,case_0026,1313
cheap__escalation,cheap,escalation,case_0027,1003
cheap__escalation,cheap,escalation,case_0028,1403
cheap__escalation,cheap,escalation,case_0029,1810
cheap__escalation,cheap,escalation,case_0030,1791
cheap__escalation,cheap,escalation,case_0031,1350
cheap__escalation,cheap,escalation,case_0032,1856
cheap__escalation,cheap,escalation,case_0033,958
cheap__escalation,cheap,escalation,case_0034,1406
cheap__escalation,cheap,escalation,case_0035,2014
cheap__escalation,cheap,escalation,case_0036,1401
cheap__escalation,cheap,escalation,case_0037,1945
cheap__escalation,cheap,escalation,case_0038,869
cheap__escalation,cheap,escalation,case_0039,2182
cheap__escalation,cheap,escalation,case_0040,1965
cheap__escalation,cheap,escalation,case_0041,1689
cheap__escalation,cheap,escalation,case_0042,1876
cheap__escalation,cheap,escalation,case_0043,1329
cheap__escalation,cheap,escalation,case_0044,1439
cheap__escalation,cheap,escalation,case_0045,1277
cheap__escalation,cheap,escalation,case_0046,1809
cheap__escalation,cheap,escalation,case_0047,1483
cheap__escalation,cheap,escalation,case_0048,1939
cheap__escalation,cheap,escalation,case_0049,1757
cheap__escalation,cheap,escalation,case_0050,2684
cheap__escalation,cheap,escalation,case_0051,1324
cheap__escalation,cheap,escalation,case_0052,1927
cheap__escalation,cheap,escalation,case_0053,1965
cheap__escalation,cheap,escalation,case_0054,828
cheap__escalation,cheap,escalation,case_0055,1926
cheap__escalation,cheap,escalation,case_0056,3897
cheap__escalation,cheap,escalation,case_0057,1948
cheap__escalation,cheap,escalation,case_0058,1761
cheap__escalation,cheap,escalation,case_0059,1986
cheap__escalation,cheap,escalation,case_0060,1833
cheap__escalation,cheap,escalation,case_0061,1717
cheap__escalation,cheap,escalation,case_0062,1947
cheap__escalation,cheap,escalation,case_0063,1189
cheap__escalation,cheap,escalation,case_0064,1263
cheap__escalation,cheap,escalation,case_0065,2047
cheap__escalation,cheap,escalation,case_0066,1913
cheap__escalation,cheap,escalation,case_0067,1004
cheap__escalation,cheap,escalation,case_0068,3436
cheap__escalation,cheap,escalation,case_0069,2487
cheap__escalation,cheap,escalation,case_0070,2241
cheap__escalation,cheap,escalation,case_0071,3533
cheap__escalation,cheap,escalation,case_0072,1762
cheap__escalation,cheap,escalation,case_0073,873
cheap__escalation,cheap,escalation,case_0074,1180
cheap__escalation,cheap,escalation,case_0075,831
cheap__escalation,cheap,escalation,case_0076,1087
cheap__escalation,cheap,escalation,case_0077,1338
cheap__escalation,cheap,escalation,case_0078,3291
cheap__escalation,cheap,escalation,case_0079,1401
cheap__escalation,cheap,escalation,case_0080,2512
cheap__escalation,cheap,escalation,case_0081,3245
cheap__escalation,cheap,escalation,case_0082,2512
cheap__escalation,cheap,escalation,case_0083,5427
cheap__escalation,cheap,escalation,case_0084,1271
cheap__escalation,cheap,escalation,case_0085,1258
cheap__escalation,cheap,escalation,case_0086,1896
cheap__escalation,cheap,escalation,case_0087,1206
cheap__escalation,cheap,escalation,case_0088,1372
cheap__escalation,cheap,escalation,case_0089,1219
cheap__escalation,cheap,escalation,case_0090,1122
cheap__escalation,cheap,escalation,case_0091,2277
cheap__escalation,cheap,escalation,case_0092,1282
cheap__escalation,cheap,escalation,case_0093,1639
cheap__escalation,cheap,escalation,case_0094,941
cheap__escalation,cheap,escalation,case_0095,1064
cheap__escalation,cheap,escalation,case_0096,1245
cheap__escalation,cheap,escalation,case_0097,1902
cheap__escalation,cheap,escalation,case_0098,1955
cheap__escalation,cheap,escalation,case_0099,1806
cheap__escalation,cheap,escalation,case_0100,3251
cheap__escalation,cheap,escalation,case_0101,1851
cheap__escalation,cheap,escalation,case_0102,2174
cheap__escalation,cheap,escalation,case_0103,1677
cheap__escalation,cheap,escalation,case_0104,1324
cheap__escalation,cheap,escalation,case_0105,1916
cheap__escalation,cheap,escalation,case_0106,1283
cheap__escalation,cheap,escalation,case_0107,1331
cheap__escalation,cheap,escalation,case_0108,1330
cheap__escalation,cheap,escalation,case_0109,1291
cheap__escalation,cheap,escalation,case_0110,1870
cheap__escalation,cheap,escalation,case_0111,1505
cheap__escalation,cheap,escalation,case_0112,2068
cheap__escalation,cheap,escalation,case_0113,1987
cheap__escalation,cheap,escalation,case_0114,1850
cheap__escalation,cheap,escalation,case_0115,1016
cheap__escalation,cheap,escalation,case_0116,1901
cheap__escalation,cheap,escalation,case_0117,1076
cheap__escalation,cheap,escalation,case_0118,1523
cheap__escalation,cheap,escalation,case_0119,1836
cheap__escalation,cheap,escalation,case_0120,1976
cheap__escalation,cheap,escalation,case_0121,2085
cheap__escalation,cheap,escalation,case_0122,1884
cheap__escalation,cheap,escalation,case_0123,1811
cheap__escalation,cheap,escalation,case_0124,3024
cheap__escalation,cheap,escalation,case_0125,1841
cheap__escalation,cheap,escalation,case_0126,1819
cheap__escalation,cheap,escalation,case_0127,1255
cheap__escalation,cheap,escalation,case_0128,1418
cheap__escalation,cheap,escalation,case_0129,901
cheap__escalation,cheap,escalation,case_0130,1889
cheap__escalation,cheap,escalation,case_0131,2029
cheap__escalation,cheap,escalation,case_0132,1876
cheap__escalation,cheap,escalation,case_0133,1875
cheap__escalation,cheap,escalation,case_0134,1949
cheap__escalation,cheap,escalation,case_0135,2081
cheap__escalation,cheap,escalation,case_0136,1808
cheap__escalation,cheap,escalation,case_0137,1864
cheap__escalation,cheap,escalation,case_0138,3151
cheap__escalation,cheap,escalation,case_0139,841
cheap__escalation,cheap,escalation,case_0140,1417
cheap__escalation,cheap,escalation,case_0141,2347
cheap__escalation,cheap,escalation,case_0142,1296
cheap__escalation,cheap,escalation,case_0143,1183
cheap__escalation,cheap,escalation,case_0144,1343
cheap__escalation,cheap,escalation,case_0145,2059
cheap__escalation,cheap,escalation,case_0146,1926
cheap__escalation,cheap,escalation,case_0147,2011
cheap__escalation,cheap,escalation,case_0148,2086
cheap__escalation,cheap,escalation,case_0149,1973
cheap__escalation,cheap,escalation,case_0150,1939
cheap__escalation,cheap,escalation,case_0151,1794
cheap__escalation,cheap,escalation,case_0152,1846
cheap__escalation,cheap,escalation,case_0153,1238
cheap__escalation,cheap,escalation,case_0154,1428
cheap__escalation,cheap,escalation,case_0155,3256
cheap__escalation,cheap,escalation,case_0156,1823
cheap__escalation,cheap,escalation,case_0157,1765
cheap__escalation,cheap,escalation,case_0158,967
cheap__escalation,cheap,escalation,case_0159,1311
cheap__escalation,cheap,escalation,case_0160,1406
cheap__escalation,cheap,escalation,case_0161,2027
cheap__escalation,cheap,escalation,case_0162,1955
cheap__escalation,cheap,escalation,case_0163,1863
cheap__escalation,cheap,escalation,case_0164,1725
cheap__escalation,cheap,escalation,case_0165,1885
cheap__escalation,cheap,escalation,case_0166,1870
cheap__escalation,cheap,escalation,case_0167,1900
cheap__escalation,cheap,escalation,case_0168,3566
cheap__escalation,cheap,escalation,case_0169,1142
cheap__escalation,cheap,escalation,case_0170,1872
cheap__escalation,cheap,escalation,case_0171,1541
cheap__escalation,cheap,escalation,case_0172,2060
cheap__escalation,cheap,escalation,case_0173,1484
cheap__escalation,cheap,escalation,case_0174,1394
cheap__escalation,cheap,escalation,case_0175,2091
cheap__escalation,cheap,escalation,case_0176,1782
cheap__escalation,cheap,escalation,case_0177,1235
cheap__escalation,cheap,escalation,case_0178,1932
cheap__escalation,cheap,escalation,case_0179,1859
cheap__escalation,cheap,escalation,case_0180,2231
cheap__escalation,cheap,escalation,case_0181,1772
cheap__escalation,cheap,escalation,case_0182,1196
cheap__escalation,cheap,escalation,case_0183,1792
cheap__escalation,cheap,escalation,case_0184,1953
cheap__escalation,cheap,escalation,case_0185,1414
cheap__escalation,cheap,escalation,case_0186,2905
cheap__escalation,cheap,escalation,case_0187,1750
cheap__escalation,cheap,escalation,case_0188,1864
cheap__escalation,cheap,escalation,case_0189,1254
cheap__escalation,cheap,escalation,case_0190,2199
cheap__escalation,cheap,escalation,case_0191,1921
cheap__escalation,cheap,escalation,case_0192,1528
cheap__escalation,cheap,escalation,case_0193,969
cheap__escalation,cheap,escalation,case_0194,1951
cheap__escalation,cheap,escalation,case_0195,1756
cheap__escalation,cheap,escalation,case_0196,1518
cheap__escalation,cheap,escalation,case_0197,1809
cheap__escalation,cheap,escalation,case_0198,1248
cheap__escalation,cheap,escalation,case_0199,2139
cheap__escalation,cheap,escalation,case_0200,1021
cheap__escalation,cheap,escalation,case_0201,1435
cheap__escalation,cheap,escalation,case_0202,1913
cheap__escalation,cheap,escalation,case_0203,1994
cheap__escalation,cheap,escalation,case_0204,1856
cheap__escalation,cheap,escalation,case_0205,930
cheap__escalation,cheap,escalation,case_0206,2011
cheap__escalation,cheap,escalation,case_0207,1934
cheap__escalation,cheap,escalation,case_0208,1825
cheap__escalation,cheap,escalation,case_0209,2055
cheap__escalation,cheap,escalation,case_0210,1788
cheap__escalation,cheap,escalation,case_0211,2168
cheap__escalation,cheap,escalation,case_0212,1692
cheap__escalation,cheap,escalation,case_0213,1936
cheap__escalation,cheap,escalation,case_0214,2068
cheap__escalation,cheap,escalation,case_0215,1931
cheap__escalation,cheap,escalation,case_0216,1719
cheap__escalation,cheap,escalation,case_0217,1343
cheap__escalation,cheap,escalation,case_0218,837
cheap__escalation,cheap,escalation,case_0219,1846
cheap__escalation,cheap,escalation,case_0220,1875
cheap__escalation,cheap,escalation,case_0221,982
cheap__escalation,cheap,escalation,case_0222,1443
cheap__escalation,cheap,escalation,case_0223,1283
cheap__escalation,cheap,escalation,case_0224,1516
cheap__escalation,cheap,escalation,case_0225,885
cheap__escalation,cheap,escalation,case_0226,2025
cheap__escalation,cheap,escalation,case_0227,1261
cheap__escalation,cheap,escalation,case_0228,1989
cheap__escalation,cheap,escalation,case_0229,1579
cheap__escalation,cheap,escalation,case_0230,2011
cheap__escalation,cheap,escalation,case_0231,1770
cheap__escalation,cheap,escalation,case_0232,2260
cheap__escalation,cheap,escalation,case_0233,1432
cheap__escalation,cheap,escalation,case_0234,1470
cheap__escalation,cheap,escalation,case_0235,895
cheap__escalation,cheap,escalation,case_0236,927
cheap__escalation,cheap,escalation,case_0237,2723
cheap__escalation,cheap,escalation,case_0238,1883
cheap__escalation,cheap,escalation,case_0239,1942
cheap__escalation,cheap,escalation,case_0240,1966
cheap__escalation,cheap,escalation,case_0241,2848
cheap__escalation,cheap,escalation,case_0242,1063
cheap__escalation,cheap,escalation,case_0243,1822
cheap__escalation,cheap,escalation,case_0244,1313
cheap__escalation,cheap,escalation,case_0245,1174
cheap__escalation,cheap,escalation,case_0246,1316
cheap__escalation,cheap,escalation,case_0247,1083
cheap__escalation,cheap,escalation,case_0248,1037
cheap__escalation,cheap,escalation,case_0249,1806
cheap__escalation,cheap,escalation,case_0250,1530
cheap__escalation,cheap,escalation,case_0251,1821
cheap__escalation,cheap,escalation,case_0252,985
cheap__escalation,cheap,escalation,case_0253,2195
cheap__escalation,cheap,escalation,case_0254,1875
cheap__escalation,cheap,escalation,case_0255,1869
cheap__escalation,cheap,escalation,case_0256,1456
cheap__escalation,cheap,escalation,case_0257,1516
cheap__escalation,cheap,escalation,case_0258,1775
cheap__escalation,cheap,escalation,case_0259,1475
cheap__escalation,cheap,escalation,case_0260,1835
cheap__escalation,cheap,escalation,case_0261,1989
cheap__escalation,cheap,escalation,case_0262,1947
cheap__escalation,cheap,escalation,case_0263,1836
cheap__escalation,cheap,escalation,case_0264,2037
cheap__escalation,cheap,escalation,case_0265,2087
cheap__escalation,cheap,escalation,case_0266,1804
cheap__escalation,cheap,escalation,case_0267,2078
cheap__escalation,cheap,escalation,case_0268,1978
cheap__escalation,cheap,escalation,case_0269,1203
cheap__escalation,cheap,escalation,case_0270,1904
cheap__escalation,cheap,escalation,case_0271,3994
cheap__escalation,cheap,escalation,case_0272,1088
cheap__escalation,cheap,escalation,case_0273,1909
cheap__escalation,cheap,escalation,case_0274,1018
cheap__escalation,cheap,escalation,case_0275,1463
cheap__escalation,cheap,escalation,case_0276,1967
cheap__escalation,cheap,escalation,case_0277,1227
cheap__escalation,cheap,escalation,case_0278,1448
cheap__escalation,cheap,escalation,case_0279,1455
cheap__escalation,cheap,escalation,case_0280,1778
cheap__escalation,cheap,escalation,case_0281,817
cheap__escalation,cheap,escalation,case_0282,1130
cheap__escalation,cheap,escalation,case_0283,1766
cheap__escalation,cheap,escalation,case_0284,1713
cheap__escalation,cheap,escalation,case_0285,1894
cheap__escalation,cheap,escalation,case_0286,1849
cheap__escalation,cheap,escalation,case_0287,1862
cheap__escalation,cheap,escalation,case_0288,2143
cheap__escalation,cheap,escalation,case_0289,1851
cheap__escalation,cheap,escalation,case_0290,1258
cheap__escalation,cheap,escalation,case_0291,1864
cheap__escalation,cheap,escalation,case_0292,1861
cheap__escalation,cheap,escalation,case_0293,2086
cheap__escalation,cheap,escalation,case_0294,1831
cheap__escalation,cheap,escalation,case_0295,1243
cheap__escalation,cheap,escalation,case_0296,1818
cheap__escalation,cheap,escalation,case_0297,1969
cheap__escalation,cheap,escalation,case_0298,1941
cheap__escalation,cheap,escalation,case_0299,1226
cheap__escalation,cheap,escalation,case_0300,2455
standard__single_pass,standard,single_pass,case_0001,876
standard__single_pass,standard,single_pass,case_0002,846
standard__single_pass,standard,single_pass,case_0003,935
standard__single_pass,standard,single_pass,case_0004,1069
standard__single_pass,standard,single_pass,case_0005,843
standard__single_pass,standard,single_pass,case_0006,791
standard__single_pass,standard,single_pass,case_0007,857
standard__single_pass,standard,single_pass,case_0008,800
standard__single_pass,standard,single_pass,case_0009,933
standard__single_pass,standard,single_pass,case_0010,832
standard__single_pass,standard,single_pass,case_0011,727
standard__single_pass,standard,single_pass,case_0012,915
standard__single_pass,standard,single_pass,case_0013,870
standard__single_pass,standard,single_pass,case_0014,971
standard__single_pass,standard,single_pass,case_0015,761
standard__single_pass,standard,single_pass,case_0016,760
standard__single_pass,standard,single_pass,case_0017,943
standard__single_pass,standard,single_pass,case_0018,883
standard__single_pass,standard,single_pass,case_0019,845
standard__single_pass,standard,single_pass,case_0020,769
standard__single_pass,standard,single_pass,case_0021,828
standard__single_pass,standard,single_pass,case_0022,760
standard__single_pass,standard,single_pass,case_0023,1007
standard__single_pass,standard,single_pass,case_0024,810
standard__single_pass,standard,single_pass,case_0025,1284
standard__single_pass,standard,single_pass,case_0026,1560
standard__single_pass,standard,single_pass,case_0027,920
standard__single_pass,standard,single_pass,case_0028,875
standard__single_pass,standard,single_pass,case_0029,1154
standard__single_pass,standard,single_pass,case_0030,878
standard__single_pass,standard,single_pass,case_0031,1050
standard__single_pass,standard,single_pass,case_0032,763
standard__single_pass,standard,single_pass,case_0033,1052
standard__single_pass,standard,single_pass,case_0034,1004
standard__single_pass,standard,single_pass,case_0035,872
standard__single_pass,standard,single_pass,case_0036,1306
standard__single_pass,standard,single_pass,case_0037,890
standard__single_pass,standard,single_pass,case_0038,811
standard__single_pass,standard,single_pass,case_0039,836
standard__single_pass,standard,single_pass,case_0040,911
standard__single_pass,standard,single_pass,case_0041,972
standard__single_pass,standard,single_pass,case_0042,799
standard__single_pass,standard,single_pass,case_0043,888
standard__single_pass,standard,single_pass,case_0044,918
standard__single_pass,standard,single_pass,case_0045,818
standard__single_pass,standard,single_pass,case_0046,1047
standard__single_pass,standard,single_pass,case_0047,841
standard__single_pass,standard,single_pass,case_0048,863
standard__single_pass,standard,single_pass,case_0049,819
standard__single_pass,standard,single_pass,case_0050,942
standard__single_pass,standard,single_pass,case_0051,1011
standard__single_pass,standard,single_pass,case_0052,806
standard__single_pass,standard,single_pass,case_0053,809
standard__single_pass,standard,single_pass,case_0054,873
standard__single_pass,standard,single_pass,case_0055,1066
standard__single_pass,standard,single_pass,case_0056,894
standard__single_pass,standard,single_pass,case_0057,785
standard__single_pass,standard,single_pass,case_0058,901
standard__single_pass,standard,single_pass,case_0059,1123
standard__single_pass,standard,single_pass,case_0060,829
standard__single_pass,standard,single_pass,case_0061,995
standard__single_pass,standard,single_pass,case_0062,834
standard__single_pass,standard,single_pass,case_0063,969
standard__single_pass,standard,single_pass,case_0064,1284
standard__single_pass,standard,single_pass,case_0065,766
standard__single_pass,standard,single_pass,case_0066,1027
standard__single_pass,standard,single_pass,case_0067,773
standard__single_pass,standard,single_pass,case_0068,853
standard__single_pass,standard,single_pass,case_0069,956
standard__single_pass,standard,single_pass,case_0070,768
standard__single_pass,standard,single_pass,case_0071,836
standard__single_pass,standard,single_pass,case_0072,748
standard__single_pass,standard,single_pass,case_0073,1258
standard__single_pass,standard,single_pass,case_0074,946
standard__single_pass,standard,single_pass,case_0075,1420
standard__single_pass,standard,single_pass,case_0076,814
standard__single_pass,standard,single_pass,case_0077,1090
standard__single_pass,standard,single_pass,case_0078,986
standard__single_pass,standard,single_pass,case_0079,2047
standard__single_pass,standard,single_pass,case_0080,809
standard__single_pass,standard,single_pass,case_0081,876
standard__single_pass,standard,single_pass,case_0082,800
standard__single_pass,standard,single_pass,case_0083,960
standard__single_pass,standard,single_pass,case_0084,885
standard__single_pass,standard,single_pass,case_0085,904
standard__single_pass,standard,single_pass,case_0086,901
standard__single_pass,standard,single_pass,case_0087,973
standard__single_pass,standard,single_pass,case_0088,1097
standard__single_pass,standard,single_pass,case_0089,819
standard__single_pass,standard,single_pass,case_0090,843
standard__single_pass,standard,single_pass,case_0091,739
standard__single_pass,standard,single_pass,case_0092,819
standard__single_pass,standard,single_pass,case_0093,780
standard__single_pass,standard,single_pass,case_0094,849
standard__single_pass,standard,single_pass,case_0095,1078
standard__single_pass,standard,single_pass,case_0096,796
standard__single_pass,standard,single_pass,case_0097,992
standard__single_pass,standard,single_pass,case_0098,826
standard__single_pass,standard,single_pass,case_0099,770
standard__single_pass,standard,single_pass,case_0100,832
standard__single_pass,standard,single_pass,case_0101,881
standard__single_pass,standard,single_pass,case_0102,738
standard__single_pass,standard,single_pass,case_0103,793
standard__single_pass,standard,single_pass,case_0104,953
standard__single_pass,standard,single_pass,case_0105,889
standard__single_pass,standard,single_pass,case_0106,814
standard__single_pass,standard,single_pass,case_0107,817
standard__single_pass,standard,single_pass,case_0108,965
standard__single_pass,standard,single_pass,case_0109,877
standard__single_pass,standard,single_pass,case_0110,894
standard__single_pass,standard,single_pass,case_0111,865
standard__single_pass,standard,single_pass,case_0112,1005
standard__single_pass,standard,single_pass,case_0113,958
standard__single_pass,standard,single_pass,case_0114,880
standard__single_pass,standard,single_pass,case_0115,859
standard__single_pass,standard,single_pass,case_0116,1023
standard__single_pass,standard,single_pass,case_0117,1144
standard__single_pass,standard,single_pass,case_0118,972
standard__single_pass,standard,single_pass,case_0119,850
standard__single_pass,standard,single_pass,case_0120,820
standard__single_pass,standard,single_pass,case_0121,897
standard__single_pass,standard,single_pass,case_0122,689
standard__single_pass,standard,single_pass,case_0123,774
standard__single_pass,standard,single_pass,case_0124,961
standard__single_pass,standard,single_pass,case_0125,823
standard__single_pass,standard,single_pass,case_0126,1724
standard__single_pass,standard,single_pass,case_0127,1047
standard__single_pass,standard,single_pass,case_0128,954
standard__single_pass,standard,single_pass,case_0129,861
standard__single_pass,standard,single_pass,case_0130,848
standard__single_pass,standard,single_pass,case_0131,755
standard__single_pass,standard,single_pass,case_0132,830
standard__single_pass,standard,single_pass,case_0133,862
standard__single_pass,standard,single_pass,case_0134,784
standard__single_pass,standard,single_pass,case_0135,976
standard__single_pass,standard,single_pass,case_0136,894
standard__single_pass,standard,single_pass,case_0137,917
standard__single_pass,standard,single_pass,case_0138,1156
standard__single_pass,standard,single_pass,case_0139,893
standard__single_pass,standard,single_pass,case_0140,1020
standard__single_pass,standard,single_pass,case_0141,817
standard__single_pass,standard,single_pass,case_0142,920
standard__single_pass,standard,single_pass,case_0143,860
standard__single_pass,standard,single_pass,case_0144,1169
standard__single_pass,standard,single_pass,case_0145,924
standard__single_pass,standard,single_pass,case_0146,906
standard__single_pass,standard,single_pass,case_0147,1356
standard__single_pass,standard,single_pass,case_0148,1163
standard__single_pass,standard,single_pass,case_0149,778
standard__single_pass,standard,single_pass,case_0150,1126
standard__single_pass,standard,single_pass,case_0151,921
standard__single_pass,standard,single_pass,case_0152,920
standard__single_pass,standard,single_pass,case_0153,853
standard__single_pass,standard,single_pass,case_0154,826
standard__single_pass,standard,single_pass,case_0155,1079
standard__single_pass,standard,single_pass,case_0156,753
standard__single_pass,standard,single_pass,case_0157,925
standard__single_pass,standard,single_pass,case_0158,951
standard__single_pass,standard,single_pass,case_0159,837
standard__single_pass,standard,single_pass,case_0160,868
standard__single_pass,standard,single_pass,case_0161,1000
standard__single_pass,standard,single_pass,case_0162,875
standard__single_pass,standard,single_pass,case_0163,867
standard__single_pass,standard,single_pass,case_0164,868
standard__single_pass,standard,single_pass,case_0165,989
standard__single_pass,standard,single_pass,case_0166,947
standard__single_pass,standard,single_pass,case_0167,855
standard__single_pass,standard,single_pass,case_0168,846
standard__single_pass,standard,single_pass,case_0169,967
standard__single_pass,standard,single_pass,case_0170,1096
standard__single_pass,standard,single_pass,case_0171,1106
standard__single_pass,standard,single_pass,case_0172,790
standard__single_pass,standard,single_pass,case_0173,1084
standard__single_pass,standard,single_pass,case_0174,1113
standard__single_pass,standard,single_pass,case_0175,851
standard__single_pass,standard,single_pass,case_0176,1151
standard__single_pass,standard,single_pass,case_0177,1028
standard__single_pass,standard,single_pass,case_0178,971
standard__single_pass,standard,single_pass,case_0179,727
standard__single_pass,standard,single_pass,case_0180,912
standard__single_pass,standard,single_pass,case_0181,922
standard__single_pass,standard,single_pass,case_0182,881
standard__single_pass,standard,single_pass,case_0183,955
standard__single_pass,standard,single_pass,case_0184,787
standard__single_pass,standard,single_pass,case_0185,1165
standard__single_pass,standard,single_pass,case_0186,789
standard__single_pass,standard,single_pass,case_0187,836
standard__single_pass,standard,single_pass,case_0188,1043
standard__single_pass,standard,single_pass,case_0189,1325
standard__single_pass,standard,single_pass,case_0190,942
standard__single_pass,standard,single_pass,case_0191,842
standard__single_pass,standard,single_pass,case_0192,897
standard__single_pass,standard,single_pass,case_0193,931
standard__single_pass,standard,single_pass,case_0194,887
standard__single_pass,standard,single_pass,case_0195,945
standard__single_pass,standard,single_pass,case_0196,779
standard__single_pass,standard,single_pass,case_0197,783
standard__single_pass,standard,single_pass,case_0198,875
standard__single_pass,standard,single_pass,case_0199,810
standard__single_pass,standard,single_pass,case_0200,947
standard__single_pass,standard,single_pass,case_0201,859
standard__single_pass,standard,single_pass,case_0202,867
standard__single_pass,standard,single_pass,case_0203,870
standard__single_pass,standard,single_pass,case_0204,1188
standard__single_pass,standard,single_pass,case_0205,832
standard__single_pass,standard,single_pass,case_0206,1236
standard__single_pass,standard,single_pass,case_0207,863
standard__single_pass,standard,single_pass,case_0208,773
standard__single_pass,standard,single_pass,case_0209,872
standard__single_pass,standard,single_pass,case_0210,873
standard__single_pass,standard,single_pass,case_0211,827
standard__single_pass,standard,single_pass,case_0212,822
standard__single_pass,standard,single_pass,case_0213,1078
standard__single_pass,standard,single_pass,case_0214,788
standard__single_pass,standard,single_pass,case_0215,910
standard__single_pass,standard,single_pass,case_0216,1073
standard__single_pass,standard,single_pass,case_0217,1111
standard__single_pass,standard,single_pass,case_0218,779
standard__single_pass,standard,single_pass,case_0219,805
standard__single_pass,standard,single_pass,case_0220,1016
standard__single_pass,standard,single_pass,case_0221,782
standard__single_pass,standard,single_pass,case_0222,821
standard__single_pass,standard,single_pass,case_0223,1108
standard__single_pass,standard,single_pass,case_0224,1234
standard__single_pass,standard,single_pass,case_0225,1124
standard__single_pass,standard,single_pass,case_0226,1127
standard__single_pass,standard,single_pass,case_0227,749
standard__single_pass,standard,single_pass,case_0228,935
standard__single_pass,standard,single_pass,case_0229,816
standard__single_pass,standard,single_pass,case_0230,1202
standard__single_pass,standard,single_pass,case_0231,830
standard__single_pass,standard,single_pass,case_0232,778
standard__single_pass,standard,single_pass,case_0233,861
standard__single_pass,standard,single_pass,case_0234,1360
standard__single_pass,standard,single_pass,case_0235,851
standard__single_pass,standard,single_pass,case_0236,919
standard__single_pass,standard,single_pass,case_0237,1228
standard__single_pass,standard,single_pass,case_0238,821
standard__single_pass,standard,single_pass,case_0239,954
standard__single_pass,standard,single_pass,case_0240,925
standard__single_pass,standard,single_pass,case_0241,840
standard__single_pass,standard,single_pass,case_0242,809
standard__single_pass,standard,single_pass,case_0243,966
standard__single_pass,standard,single_pass,case_0244,888
standard__single_pass,standard,single_pass,case_0245,714
standard__single_pass,standard,single_pass,case_0246,796
standard__single_pass,standard,single_pass,case_0247,1111
standard__single_pass,standard,single_pass,case_0248,823
standard__single_pass,standard,single_pass,case_0249,859
standard__single_pass,standard,single_pass,case_0250,819
standard__single_pass,standard,single_pass,case_0251,915
standard__single_pass,standard,single_pass,case_0252,937
standard__single_pass,standard,single_pass,case_0253,855
standard__single_pass,standard,single_pass,case_0254,794
standard__single_pass,standard,single_pass,case_0255,1118
standard__single_pass,standard,single_pass,case_0256,943
standard__single_pass,standard,single_pass,case_0257,961
standard__single_pass,standard,single_pass,case_0258,760
standard__single_pass,standard,single_pass,case_0259,796
standard__single_pass,standard,single_pass,case_0260,764
standard__single_pass,standard,single_pass,case_0261,944
standard__single_pass,standard,single_pass,case_0262,758
standard__single_pass,standard,single_pass,case_0263,821
standard__single_pass,standard,single_pass,case_0264,1041
standard__single_pass,standard,single_pass,case_0265,937
standard__single_pass,standard,single_pass,case_0266,746
standard__single_pass,standard,single_pass,case_0267,835
standard__single_pass,standard,single_pass,case_0268,1403
standard__single_pass,standard,single_pass,case_0269,1269
standard__single_pass,standard,single_pass,case_0270,870
standard__single_pass,standard,single_pass,case_0271,870
standard__single_pass,standard,single_pass,case_0272,837
standard__single_pass,standard,single_pass,case_0273,965
standard__single_pass,standard,single_pass,case_0274,723
standard__single_pass,standard,single_pass,case_0275,803
standard__single_pass,standard,single_pass,case_0276,863
standard__single_pass,standard,single_pass,case_0277,808
standard__single_pass,standard,single_pass,case_0278,711
standard__single_pass,standard,single_pass,case_0279,829
standard__single_pass,standard,single_pass,case_0280,822
standard__single_pass,standard,single_pass,case_0281,774
standard__single_pass,standard,single_pass,case_0282,798
standard__single_pass,standard,single_pass,case_0283,853
standard__single_pass,standard,single_pass,case_0284,1106
standard__single_pass,standard,single_pass,case_0285,840
standard__single_pass,standard,single_pass,case_0286,841
standard__single_pass,standard,single_pass,case_0287,831
standard__single_pass,standard,single_pass,case_0288,883
standard__single_pass,standard,single_pass,case_0289,876
standard__single_pass,standard,single_pass,case_0290,1090
standard__single_pass,standard,single_pass,case_0291,783
standard__single_pass,standard,single_pass,case_0292,843
standard__single_pass,standard,single_pass,case_0293,876
standard__single_pass,standard,single_pass,case_0294,1017
standard__single_pass,standard,single_pass,case_0295,1011
standard__single_pass,standard,single_pass,case_0296,866
standard__single_pass,standard,single_pass,case_0297,828
standard__single_pass,standard,single_pass,case_0298,893
standard__single_pass,standard,single_pass,case_0299,1231
standard__single_pass,standard,single_pass,case_0300,740
standard__self_check,standard,self_check,case_0001,2081
standard__self_check,standard,self_check,case_0002,1815
standard__self_check,standard,self_check,case_0003,1718
standard__self_check,standard,self_check,case_0004,2110
standard__self_check,standard,self_check,case_0005,1733
standard__self_check,standard,self_check,case_0006,1683
standard__self_check,standard,self_check,case_0007,1582
standard__self_check,standard,self_check,case_0008,1551
standard__self_check,standard,self_check,case_0009,1713
standard__self_check,standard,self_check,case_0010,1790
standard__self_check,standard,self_check,case_0011,1812
standard__self_check,standard,self_check,case_0012,1780
standard__self_check,standard,self_check,case_0013,2441
standard__self_check,standard,self_check,case_0014,1791
standard__self_check,standard,self_check,case_0015,1830
standard__self_check,standard,self_check,case_0016,1943
standard__self_check,standard,self_check,case_0017,2152
standard__self_check,standard,self_check,case_0018,1757
standard__self_check,standard,self_check,case_0019,1947
standard__self_check,standard,self_check,case_0020,2023
standard__self_check,standard,self_check,case_0021,1630
standard__self_check,standard,self_check,case_0022,1844
standard__self_check,standard,self_check,case_0023,1742
standard__self_check,standard,self_check,case_0024,1702
standard__self_check,standard,self_check,case_0025,1866
standard__self_check,standard,self_check,case_0026,1866
standard__self_check,standard,self_check,case_0027,1702
standard__self_check,standard,self_check,case_0028,1618
standard__self_check,standard,self_check,case_0029,1749
standard__self_check,standard,self_check,case_0030,2074
standard__self_check,standard,self_check,case_0031,2237
standard__self_check,standard,self_check,case_0032,1870
standard__self_check,standard,self_check,case_0033,1706
standard__self_check,standard,self_check,case_0034,1714
standard__self_check,standard,self_check,case_0035,1931
standard__self_check,standard,self_check,case_0036,2084
standard__self_check,standard,self_check,case_0037,2058
standard__self_check,standard,self_check,case_0038,1793
standard__self_check,standard,self_check,case_0039,1762
standard__self_check,standard,self_check,case_0040,2251
standard__self_check,standard,self_check,case_0041,1816
standard__self_check,standard,self_check,case_0042,2197
standard__self_check,standard,self_check,case_0043,1873
standard__self_check,standard,self_check,case_0044,1944
standard__self_check,standard,self_check,case_0045,1735
standard__self_check,standard,self_check,case_0046,1700
standard__self_check,standard,self_check,case_0047,1572
standard__self_check,standard,self_check,case_0048,1945
standard__self_check,standard,self_check,case_0049,1618
standard__self_check,standard,self_check,case_0050,1719
standard__self_check,standard,self_check,case_0051,1672
standard__self_check,standard,self_check,case_0052,2001
standard__self_check,standard,self_check,case_0053,1745
standard__self_check,standard,self_check,case_0054,1652
standard__self_check,standard,self_check,case_0055,1768
standard__self_check,standard,self_check,case_0056,1766
standard__self_check,standard,self_check,case_0057,1751
standard__self_check,standard,self_check,case_0058,1863
standard__self_check,standard,self_check,case_0059,1613
standard__self_check,standard,self_check,case_0060,1602
standard__self_check,standard,self_check,case_0061,2255
standard__self_check,standard,self_check,case_0062,1800
standard__self_check,standard,self_check,case_0063,1674
standard__self_check,standard,self_check,case_0064,1768
standard__self_check,standard,self_check,case_0065,1596
standard__self_check,standard,self_check,case_0066,1844
standard__self_check,standard,self_check,case_0067,1751
standard__self_check,standard,self_check,case_0068,1842
standard__self_check,standard,self_check,case_0069,2394
standard__self_check,standard,self_check,case_0070,1522
standard__self_check,standard,self_check,case_0071,1617
standard__self_check,standard,self_check,case_0072,1809
standard__self_check,standard,self_check,case_0073,1613
standard__self_check,standard,self_check,case_0074,1825
standard__self_check,standard,self_check,case_0075,2669
standard__self_check,standard,self_check,case_0076,1691
standard__self_check,standard,self_check,case_0077,1815
standard__self_check,standard,self_check,case_0078,1755
standard__self_check,standard,self_check,case_0079,2117
standard__self_check,standard,self_check,case_0080,1788
standard__self_check,standard,self_check,case_0081,1630
standard__self_check,standard,self_check,case_0082,1581
standard__self_check,standard,self_check,case_0083,1981
standard__self_check,standard,self_check,case_0084,1687
standard__self_check,standard,self_check,case_0085,1818
standard__self_check,standard,self_check,case_0086,1644
standard__self_check,standard,self_check,case_0087,1781
standard__self_check,standard,self_check,case_0088,1749
standard__self_check,standard,self_check,case_0089,1771
standard__self_check,standard,self_check,case_0090,1689
standard__self_check,standard,self_check,case_0091,1817
standard__self_check,standard,self_check,case_0092,1904
standard__self_check,standard,self_check,case_0093,2052
standard__self_check,standard,self_check,case_0094,1740
standard__self_check,standard,self_check,case_0095,1730
standard__self_check,standard,self_check,case_0096,2383
standard__self_check,standard,self_check,case_0097,1650
standard__self_check,standard,self_check,case_0098,1911
standard__self_check,standard,self_check,case_0099,1636
standard__self_check,standard,self_check,case_0100,1716
standard__self_check,standard,self_check,case_0101,1852
standard__self_check,standard,self_check,case_0102,1851
standard__self_check,standard,self_check,case_0103,1654
standard__self_check,standard,self_check,case_0104,1574
standard__self_check,standard,self_check,case_0105,1780
standard__self_check,standard,self_check,case_0106,1750
standard__self_check,standard,self_check,case_0107,1780
standard__self_check,standard,self_check,case_0108,1621
standard__self_check,standard,self_check,case_0109,1860
standard__self_check,standard,self_check,case_0110,1707
standard__self_check,standard,self_check,case_0111,1787
standard__self_check,standard,self_check,case_0112,1773
standard__self_check,standard,self_check,case_0113,1756
standard__self_check,standard,self_check,case_0114,1603
standard__self_check,standard,self_check,case_0115,2370
standard__self_check,standard,self_check,case_0116,1613
standard__self_check,standard,self_check,case_0117,2065
standard__self_check,standard,self_check,case_0118,1882
standard__self_check,standard,self_check,case_0119,1805
standard__self_check,standard,self_check,case_0120,1729
standard__self_check,standard,self_check,case_0121,2203
standard__self_check,standard,self_check,case_0122,1720
standard__self_check,standard,self_check,case_0123,1599
standard__self_check,standard,self_check,case_0124,1723
standard__self_check,standard,self_check,case_0125,1688
standard__self_check,standard,self_check,case_0126,1679
standard__self_check,standard,self_check,case_0127,1642
standard__self_check,standard,self_check,case_0128,1637
standard__self_check,standard,self_check,case_0129,1697
standard__self_check,standard,self_check,case_0130,1639
standard__self_check,standard,self_check,case_0131,1803
standard__self_check,standard,self_check,case_0132,1490
standard__self_check,standard,self_check,case_0133,2381
standard__self_check,standard,self_check,case_0134,1828
standard__self_check,standard,self_check,case_0135,1567
standard__self_check,standard,self_check,case_0136,1612
standard__self_check,standard,self_check,case_0137,1789
standard__self_check,standard,self_check,case_0138,1901
standard__self_check,standard,self_check,case_0139,2058
standard__self_check,standard,self_check,case_0140,2047
standard__self_check,standard,self_check,case_0141,1669
standard__self_check,standard,self_check,case_0142,1831
standard__self_check,standard,self_check,case_0143,2075
standard__self_check,standard,self_check,case_0144,1791
standard__self_check,standard,self_check,case_0145,1549
standard__self_check,standard,self_check,case_0146,1823
standard__self_check,standard,self_check,case_0147,1846
standard__self_check,standard,self_check,case_0148,1655
standard__self_check,standard,self_check,case_0149,1796
standard__self_check,standard,self_check,case_0150,1764
standard__self_check,standard,self_check,case_0151,1694
standard__self_check,standard,self_check,case_0152,1730
standard__self_check,standard,self_check,case_0153,1694
standard__self_check,standard,self_check,case_0154,1664
standard__self_check,standard,self_check,case_0155,1644
standard__self_check,standard,self_check,case_0156,1804
standard__self_check,standard,self_check,case_0157,1844
standard__self_check,standard,self_check,case_0158,1588
standard__self_check,standard,self_check,case_0159,1790
standard__self_check,standard,self_check,case_0160,1922
standard__self_check,standard,self_check,case_0161,2120
standard__self_check,standard,self_check,case_0162,1682
standard__self_check,standard,self_check,case_0163,1942
standard__self_check,standard,self_check,case_0164,1958
standard__self_check,standard,self_check,case_0165,1722
standard__self_check,standard,self_check,case_0166,1632
standard__self_check,standard,self_check,case_0167,1748
standard__self_check,standard,self_check,case_0168,1759
standard__self_check,standard,self_check,case_0169,1627
standard__self_check,standard,self_check,case_0170,1769
standard__self_check,standard,self_check,case_0171,2044
standard__self_check,standard,self_check,case_0172,1821
standard__self_check,standard,self_check,case_0173,1924
standard__self_check,standard,self_check,case_0174,1647
standard__self_check,standard,self_check,case_0175,1628
standard__self_check,standard,self_check,case_0176,1561
standard__self_check,standard,self_check,case_0177,1959
standard__self_check,standard,self_check,case_0178,1959
standard__self_check,standard,self_check,case_0179,1633
standard__self_check,standard,self_check,case_0180,1889
standard__self_check,standard,self_check,case_0181,2151
standard__self_check,standard,self_check,case_0182,1734
standard__self_check,standard,self_check,case_0183,1796
standard__self_check,standard,self_check,case_0184,1687
standard__self_check,standard,self_check,case_0185,2229
standard__self_check,standard,self_check,case_0186,1556
standard__self_check,standard,self_check,case_0187,1536
standard__self_check,standard,self_check,case_0188,1691
standard__self_check,standard,self_check,case_0189,1989
standard__self_check,standard,self_check,case_0190,1665
standard__self_check,standard,self_check,case_0191,1685
standard__self_check,standard,self_check,case_0192,1686
standard__self_check,standard,self_check,case_0193,1820
standard__self_check,standard,self_check,case_0194,1714
standard__self_check,standard,self_check,case_0195,1614
standard__self_check,standard,self_check,case_0196,1686
standard__self_check,standard,self_check,case_0197,1723
standard__self_check,standard,self_check,case_0198,1796
standard__self_check,standard,self_check,case_0199,1781
standard__self_check,standard,self_check,case_0200,1580
standard__self_check,standard,self_check,case_0201,1994
standard__self_check,standard,self_check,case_0202,1817
standard__self_check,standard,self_check,case_0203,1587
standard__self_check,standard,self_check,case_0204,1744
standard__self_check,standard,self_check,case_0205,1731
standard__self_check,standard,self_check,case_0206,1826
standard__self_check,standard,self_check,case_0207,1900
standard__self_check,standard,self_check,case_0208,1683
standard__self_check,standard,self_check,case_0209,1504
standard__self_check,standard,self_check,case_0210,2725
standard__self_check,standard,self_check,case_0211,1720
standard__self_check,standard,self_check,case_0212,1945
standard__self_check,standard,self_check,case_0213,1736
standard__self_check,standard,self_check,case_0214,1651
standard__self_check,standard,self_check,case_0215,1499
standard__self_check,standard,self_check,case_0216,2040
standard__self_check,standard,self_check,case_0217,2187
standard__self_check,standard,self_check,case_0218,2036
standard__self_check,standard,self_check,case_0219,1983
standard__self_check,standard,self_check,case_0220,1684
standard__self_check,standard,self_check,case_0221,1740
standard__self_check,standard,self_check,case_0222,1695
standard__self_check,standard,self_check,case_0223,1660
standard__self_check,standard,self_check,case_0224,1585
standard__self_check,standard,self_check,case_0225,1806
standard__self_check,standard,self_check,case_0226,1637
standard__self_check,standard,self_check,case_0227,2148
standard__self_check,standard,self_check,case_0228,1658
standard__self_check,standard,self_check,case_0229,1754
standard__self_check,standard,self_check,case_0230,1730
standard__self_check,standard,self_check,case_0231,1658
standard__self_check,standard,self_check,case_0232,1660
standard__self_check,standard,self_check,case_0233,1834
standard__self_check,standard,self_check,case_0234,1597
standard__self_check,standard,self_check,case_0235,1828
standard__self_check,standard,self_check,case_0236,1528
standard__self_check,standard,self_check,case_0237,1599
standard__self_check,standard,self_check,case_0238,1728
standard__self_check,standard,self_check,case_0239,1610
standard__self_check,standard,self_check,case_0240,1939
standard__self_check,standard,self_check,case_0241,1864
standard__self_check,standard,self_check,case_0242,1650
standard__self_check,standard,self_check,case_0243,1911
standard__self_check,standard,self_check,case_0244,1846
standard__self_check,standard,self_check,case_0245,1738
standard__self_check,standard,self_check,case_0246,1590
standard__self_check,standard,self_check,case_0247,2233
standard__self_check,standard,self_check,case_0248,1711
standard__self_check,standard,self_check,case_0249,2080
standard__self_check,standard,self_check,case_0250,2454
standard__self_check,standard,self_check,case_0251,1765
standard__self_check,standard,self_check,case_0252,1813
standard__self_check,standard,self_check,case_0253,1905
standard__self_check,standard,self_check,case_0254,1762
standard__self_check,standard,self_check,case_0255,1946
standard__self_check,standard,self_check,case_0256,1759
standard__self_check,standard,self_check,case_0257,1694
standard__self_check,standard,self_check,case_0258,2067
standard__self_check,standard,self_check,case_0259,1757
standard__self_check,standard,self_check,case_0260,1504
standard__self_check,standard,self_check,case_0261,1726
standard__self_check,standard,self_check,case_0262,1747
standard__self_check,standard,self_check,case_0263,1635
standard__self_check,standard,self_check,case_0264,1850
standard__self_check,standard,self_check,case_0265,1754
standard__self_check,standard,self_check,case_0266,1731
standard__self_check,standard,self_check,case_0267,1590
standard__self_check,standard,self_check,case_0268,1683
standard__self_check,standard,self_check,case_0269,2111
standard__self_check,standard,self_check,case_0270,1950
standard__self_check,standard,self_check,case_0271,1509
standard__self_check,standard,self_check,case_0272,2070
standard__self_check,standard,self_check,case_0273,1742
standard__self_check,standard,self_check,case_0274,1848
standard__self_check,standard,self_check,case_0275,1619
standard__self_check,standard,self_check,case_0276,1625
standard__self_check,standard,self_check,case_0277,1717
standard__self_check,standard,self_check,case_0278,2245
standard__self_check,standard,self_check,case_0279,1878
standard__self_check,standard,self_check,case_0280,1823
standard__self_check,standard,self_check,case_0281,1694
standard__self_check,standard,self_check,case_0282,1838
standard__self_check,standard,self_check,case_0283,1670
standard__self_check,standard,self_check,case_0284,1661
standard__self_check,standard,self_check,case_0285,1716
standard__self_check,standard,self_check,case_0286,1807
standard__self_check,standard,self_check,case_0287,1716
standard__self_check,standard,self_check,case_0288,1652
standard__self_check,standard,self_check,case_0289,1975
standard__self_check,standard,self_check,case_0290,2029
standard__self_check,standard,self_check,case_0291,1634
standard__self_check,standard,self_check,case_0292,1574
standard__self_check,standard,self_check,case_0293,1592
standard__self_check,standard,self_check,case_0294,1605
standard__self_check,standard,self_check,case_0295,1778
standard__self_check,standard,self_check,case_0296,1689
standard__self_check,standard,self_check,case_0297,1761
standard__self_check,standard,self_check,case_0298,1681
standard__self_check,standard,self_check,case_0299,2002
standard__self_check,standard,self_check,case_0300,1472
standard__escalation,standard,escalation,case_0001,1554
standard__escalation,standard,escalation,case_0002,1820
standard__escalation,standard,escalation,case_0003,1264
standard__escalation,standard,escalation,case_0004,1213
standard__escalation,standard,escalation,case_0005,1981
standard__escalation,standard,escalation,case_0006,1505
standard__escalation,standard,escalation,case_0007,2373
standard__escalation,standard,escalation,case_0008,1669
standard__escalation,standard,escalation,case_0009,1218
standard__escalation,standard,escalation,case_0010,2198
standard__escalation,standard,escalation,case_0011,1725
standard__escalation,standard,escalation,case_0012,1277
standard__escalation,standard,escalation,case_0013,1705
standard__escalation,standard,escalation,case_0014,1837
standard__escalation,standard,escalation,case_0015,1787
standard__escalation,standard,escalation,case_0016,1822
standard__escalation,standard,escalation,case_0017,1245
standard__escalation,standard,escalation,case_0018,1850
standard__escalation,standard,escalation,case_0019,2003
standard__escalation,standard,escalation,case_0020,1761
standard__escalation,standard,escalation,case_0021,2921
standard__escalation,standard,escalation,case_0022,1513
standard__escalation,standard,escalation,case_0023,1740
standard__escalation,standard,escalation,case_0024,1057
standard__escalation,standard,escalation,case_0025,1687
standard__escalation,standard,escalation,case_0026,1715
standard__escalation,standard,escalation,case_0027,966
standard__escalation,standard,escalation,case_0028,1352
standard__escalation,standard,escalation,case_0029,1824
standard__escalation,standard,escalation,case_0030,1802
standard__escalation,standard,escalation,case_0031,1339
standard__escalation,standard,escalation,case_0032,2164
standard__escalation,standard,escalation,case_0033,834
standard__escalation,standard,escalation,case_0034,1410
standard__escalation,standard,escalation,case_0035,1747
standard__escalation,standard,escalation,case_0036,1920
standard__escalation,standard,escalation,case_0037,1768
standard__escalation,standard,escalation,case_0038,2030
standard__escalation,standard,escalation,case_0039,1864
standard__escalation,standard,escalation,case_0040,2014
standard__escalation,standard,escalation,case_0041,1488
standard__escalation,standard,escalation,case_0042,2107
standard__escalation,standard,escalation,case_0043,1294
standard__escalation,standard,escalation,case_0044,1419
standard__escalation,standard,escalation,case_0045,1308
standard__escalation,standard,escalation,case_0046,1357
standard__escalation,standard,escalation,case_0047,1362
standard__escalation,standard,escalation,case_0048,1910
standard__escalation,standard,escalation,case_0049,1944
standard__escalation,standard,escalation,case_0050,1497
standard__escalation,standard,escalation,case_0051,1244
standard__escalation,standard,escalation,case_0052,1896
standard__escalation,standard,escalation,case_0053,4466
standard__escalation,standard,escalation,case_0054,1042
standard__escalation,standard,escalation,case_0055,1836
standard__escalation,standard,escalation,case_0056,2061
standard__escalation,standard,escalation,case_0057,1806
standard__escalation,standard,escalation,case_0058,1840
standard__escalation,standard,escalation,case_0059,1864
standard__escalation,standard,escalation,case_0060,2053
standard__escalation,standard,escalation,case_0061,1201
standard__escalation,standard,escalation,case_0062,2321
standard__escalation,standard,escalation,case_0063,1936
standard__escalation,standard,escalation,case_0064,1452
standard__escalation,standard,escalation,case_0065,1883
standard__escalation,standard,escalation,case_0066,1871
standard__escalation,standard,escalation,case_0067,1889
standard__escalation,standard,escalation,case_0068,875
standard__escalation,standard,escalation,case_0069,2557
standard__escalation,standard,escalation,case_0070,1796
standard__escalation,standard,escalation,case_0071,1912
standard__escalation,standard,escalation,case_0072,1869
standard__escalation,standard,escalation,case_0073,1034
standard__escalation,standard,escalation,case_0074,1832
standard__escalation,standard,escalation,case_0075,1928
standard__escalation,standard,escalation,case_0076,1293
standard__escalation,standard,escalation,case_0077,1663
standard__escalation,standard,escalation,case_0078,2020
standard__escalation,standard,escalation,case_0079,1765
standard__escalation,standard,escalation,case_0080,1917
standard__escalation,standard,escalation,case_0081,1974
standard__escalation,standard,escalation,case_0082,2536
standard__escalation,standard,escalation,case_0083,1929
standard__escalation,standard,escalation,case_0084,1264
standard__escalation,standard,escalation,case_0085,1272
standard__escalation,standard,escalation,case_0086,2101
standard__escalation,standard,escalation,case_0087,1500
standard__escalation,standard,escalation,case_0088,1400
standard__escalation,standard,escalation,case_0089,1241
standard__escalation,standard,escalation,case_0090,1165
standard__escalation,standard,escalation,case_0091,1286
standard__escalation,standard,escalation,case_0092,1241
standard__escalation,standard,escalation,case_0093,1383
standard__escalation,standard,escalation,case_0094,1064
standard__escalation,standard,escalation,case_0095,1153
standard__escalation,standard,escalation,case_0096,1249
standard__escalation,standard,escalation,case_0097,1756
standard__escalation,standard,escalation,case_0098,2723
standard__escalation,standard,escalation,case_0099,2607
standard__escalation,standard,escalation,case_0100,2558
standard__escalation,standard,escalation,case_0101,1621
standard__escalation,standard,escalation,case_0102,1883
standard__escalation,standard,escalation,case_0103,1945
standard__escalation,standard,escalation,case_0104,1516
standard__escalation,standard,escalation,case_0105,1858
standard__escalation,standard,escalation,case_0106,1485
standard__escalation,standard,escalation,case_0107,1542
standard__escalation,standard,escalation,case_0108,1539
standard__escalation,standard,escalation,case_0109,1491
standard__escalation,standard,escalation,case_0110,1769
standard__escalation,standard,escalation,case_0111,1698
standard__escalation,standard,escalation,case_0112,1859
standard__escalation,standard,escalation,case_0113,1856
standard__escalation,standard,escalation,case_0114,1739
standard__escalation,standard,escalation,case_0115,1183
standard__escalation,standard,escalation,case_0116,2246
standard__escalation,standard,escalation,case_0117,1457
standard__escalation,standard,escalation,case_0118,1951
standard__escalation,standard,escalation,case_0119,1783
standard__escalation,standard,escalation,case_0120,1911
standard__escalation,standard,escalation,case_0121,1785
standard__escalation,standard,escalation,case_0122,2238
standard__escalation,standard,escalation,case_0123,1873
standard__escalation,standard,escalation,case_0124,1403
standard__escalation,standard,escalation,case_0125,1908
standard__escalation,standard,escalation,case_0126,1744
standard__escalation,standard,escalation,case_0127,1237
standard__escalation,standard,escalation,case_0128,1558
standard__escalation,standard,escalation,case_0129,1421
standard__escalation,standard,escalation,case_0130,2716
standard__escalation,standard,escalation,case_0131,2135
standard__escalation,standard,escalation,case_0132,1790
standard__escalation,standard,escalation,case_0133,1917
standard__escalation,standard,escalation,case_0134,1819
standard__escalation,standard,escalation,case_0135,2100
standard__escalation,standard,escalation,case_0136,1806
standard__escalation,standard,escalation,case_0137,4021
standard__escalation,standard,escalation,case_0138,2113
standard__escalation,standard,escalation,case_0139,955
standard__escalation,standard,escalation,case_0140,1296
standard__escalation,standard,escalation,case_0141,1668
standard__escalation,standard,escalation,case_0142,1401
standard__escalation,standard,escalation,case_0143,1353
standard__escalation,standard,escalation,case_0144,1450
standard__escalation,standard,escalation,case_0145,1796
standard__escalation,standard,escalation,case_0146,1999
standard__escalation,standard,escalation,case_0147,2126
standard__escalation,standard,escalation,case_0148,1608
standard__escalation,standard,escalation,case_0149,1763
standard__escalation,standard,escalation,case_0150,1794
standard__escalation,standard,escalation,case_0151,1381
standard__escalation,standard,escalation,case_0152,1885
standard__escalation,standard,escalation,case_0153,1295
standard__escalation,standard,escalation,case_0154,1345
standard__escalation,standard,escalation,case_0155,1843
standard__escalation,standard,escalation,case_0156,1822
standard__escalation,standard,escalation,case_0157,1481
standard__escalation,standard,escalation,case_0158,904
standard__escalation,standard,escalation,case_0159,1663
standard__escalation,standard,escalation,case_0160,1620
standard__escalation,standard,escalation,case_0161,1426
standard__escalation,standard,escalation,case_0162,1956
standard__escalation,standard,escalation,case_0163,2045
standard__escalation,standard,escalation,case_0164,1968
standard__escalation,standard,escalation,case_0165,1763
standard__escalation,standard,escalation,case_0166,2012
standard__escalation,standard,escalation,case_0167,1954
standard__escalation,standard,escalation,case_0168,2281
standard__escalation,standard,escalation,case_0169,1742
standard__escalation,standard,escalation,case_0170,1874
standard__escalation,standard,escalation,case_0171,1441
standard__escalation,standard,escalation,case_0172,1904
standard__escalation,standard,escalation,case_0173,1231
standard__escalation,standard,escalation,case_0174,1533
standard__escalation,standard,escalation,case_0175,1891
standard__escalation,standard,escalation,case_0176,1796
standard__escalation,standard,escalation,case_0177,1571
standard__escalation,standard,escalation,case_0178,1859
standard__escalation,standard,escalation,case_0179,1681
standard__escalation,standard,escalation,case_0180,2172
standard__escalation,standard,escalation,case_0181,1943
standard__escalation,standard,escalation,case_0182,1476
standard__escalation,standard,escalation,case_0183,1735
standard__escalation,standard,escalation,case_0184,1714
standard__escalation,standard,escalation,case_0185,1298
standard__escalation,standard,escalation,case_0186,1963
standard__escalation,standard,escalation,case_0187,1839
standard__escalation,standard,escalation,case_0188,1676
standard__escalation,standard,escalation,case_0189,1387
standard__escalation,standard,escalation,case_0190,2045
standard__escalation,standard,escalation,case_0191,1994
standard__escalation,standard,escalation,case_0192,1808
standard__escalation,standard,escalation,case_0193,909
standard__escalation,standard,escalation,case_0194,1878
standard__escalation,standard,escalation,case_0195,1895
standard__escalation,standard,escalation,case_0196,1766
standard__escalation,standard,escalation,case_0197,1817
standard__escalation,standard,escalation,case_0198,1327
standard__escalation,standard,escalation,case_0199,2836
standard__escalation,standard,escalation,case_0200,980
standard__escalation,standard,escalation,case_0201,1391
standard__escalation,standard,escalation,case_0202,1691
standard__escalation,standard,escalation,case_0203,1881
standard__escalation,standard,escalation,case_0204,1763
standard__escalation,standard,escalation,case_0205,1023
standard__escalation,standard,escalation,case_0206,1715
standard__escalation,standard,escalation,case_0207,1869
standard__escalation,standard,escalation,case_0208,1916
standard__escalation,standard,escalation,case_0209,1632
standard__escalation,standard,escalation,case_0210,1886
standard__escalation,standard,escalation,case_0211,1692
standard__escalation,standard,escalation,case_0212,1722
standard__escalation,standard,escalation,case_0213,1662
standard__escalation,standard,escalation,case_0214,1951
standard__escalation,standard,escalation,case_0215,2041
standard__escalation,standard,escalation,case_0216,1629
standard__escalation,standard,escalation,case_0217,1323
standard__escalation,standard,escalation,case_0218,1031
standard__escalation,standard,escalation,case_0219,2723
standard__escalation,standard,escalation,case_0220,1773
standard__escalation,standard,escalation,case_0221,879
standard__escalation,standard,escalation,case_0222,1644
standard__escalation,standard,escalation,case_0223,1314
standard__escalation,standard,escalation,case_0224,2202
standard__escalation,standard,escalation,case_0225,2092
standard__escalation,standard,escalation,case_0226,1907
standard__escalation,standard,escalation,case_0227,2010
standard__escalation,standard,escalation,case_0228,1949
standard__escalation,standard,escalation,case_0229,1429
standard__escalation,standard,escalation,case_0230,2033
standard__escalation,standard,escalation,case_0231,1822
standard__escalation,standard,escalation,case_0232,2093
standard__escalation,standard,escalation,case_0233,1931
standard__escalation,standard,escalation,case_0234,1365
standard__escalation,standard,escalation,case_0235,971
standard__escalation,standard,escalation,case_0236,2019
standard__escalation,standard,escalation,case_0237,1326
standard__escalation,standard,escalation,case_0238,1716
standard__escalation,standard,escalation,case_0239,2837
standard__escalation,standard,escalation,case_0240,1279
standard__escalation,standard,escalation,case_0241,1738
standard__escalation,standard,escalation,case_0242,1533
standard__escalation,standard,escalation,case_0243,1796
standard__escalation,standard,escalation,case_0244,1239
standard__escalation,standard,escalation,case_0245,1165
standard__escalation,standard,escalation,case_0246,1375
standard__escalation,standard,escalation,case_0247,1287
standard__escalation,standard,escalation,case_0248,1243
standard__escalation,standard,escalation,case_0249,1790
standard__escalation,standard,escalation,case_0250,1701
standard__escalation,standard,escalation,case_0251,1916
standard__escalation,standard,escalation,case_0252,1086
standard__escalation,standard,escalation,case_0253,1815
standard__escalation,standard,escalation,case_0254,2109
standard__escalation,standard,escalation,case_0255,2187
standard__escalation,standard,escalation,case_0256,1325
standard__escalation,standard,escalation,case_0257,1694
standard__escalation,standard,escalation,case_0258,2060
standard__escalation,standard,escalation,case_0259,1580
standard__escalation,standard,escalation,case_0260,1903
standard__escalation,standard,escalation,case_0261,1703
standard__escalation,standard,escalation,case_0262,1235
standard__escalation,standard,escalation,case_0263,1754
standard__escalation,standard,escalation,case_0264,1956
standard__escalation,standard,escalation,case_0265,1956
standard__escalation,standard,escalation,case_0266,2103
standard__escalation,standard,escalation,case_0267,1746
standard__escalation,standard,escalation,case_0268,1694
standard__escalation,standard,escalation,case_0269,1669
standard__escalation,standard,escalation,case_0270,1874
standard__escalation,standard,escalation,case_0271,2110
standard__escalation,standard,escalation,case_0272,1392
standard__escalation,standard,escalation,case_0273,1774
standard__escalation,standard,escalation,case_0274,1189
standard__escalation,standard,escalation,case_0275,2142
standard__escalation,standard,escalation,case_0276,2452
standard__escalation,standard,escalation,case_0277,1261
standard__escalation,standard,escalation,case_0278,1318
standard__escalation,standard,escalation,case_0279,966
standard__escalation,standard,escalation,case_0280,3272
standard__escalation,standard,escalation,case_0281,1035
standard__escalation,standard,escalation,case_0282,1357
standard__escalation,standard,escalation,case_0283,1804
standard__escalation,standard,escalation,case_0284,1667
standard__escalation,standard,escalation,case_0285,2591
standard__escalation,standard,escalation,case_0286,1594
standard__escalation,standard,escalation,case_0287,1777
standard__escalation,standard,escalation,case_0288,1713
standard__escalation,standard,escalation,case_0289,1952
standard__escalation,standard,escalation,case_0290,1326
standard__escalation,standard,escalation,case_0291,1939
standard__escalation,standard,escalation,case_0292,1833
standard__escalation,standard,escalation,case_0293,1680
standard__escalation,standard,escalation,case_0294,1677
standard__escalation,standard,escalation,case_0295,1419
standard__escalation,standard,escalation,case_0296,1774
standard__escalation,standard,escalation,case_0297,1778
standard__escalation,standard,escalation,case_0298,1905
standard__escalation,standard,escalation,case_0299,1618
standard__escalation,standard,escalation,case_0300,1492
capable__single_pass,capable,single_pass,case_0001,1638
capable__single_pass,capable,single_pass,case_0002,1040
capable__single_pass,capable,single_pass,case_0003,1886
capable__single_pass,capable,single_pass,case_0004,1533
capable__single_pass,capable,single_pass,case_0005,1165
capable__single_pass,capable,single_pass,case_0006,1560
capable__single_pass,capable,single_pass,case_0007,2210
capable__single_pass,capable,single_pass,case_0008,995
capable__single_pass,capable,single_pass,case_0009,1328
capable__single_pass,capable,single_pass,case_0010,2298
capable__single_pass,capable,single_pass,case_0011,1986
capable__single_pass,capable,single_pass,case_0012,1248
capable__single_pass,capable,single_pass,case_0013,1066
capable__single_pass,capable,single_pass,case_0014,2925
capable__single_pass,capable,single_pass,case_0015,961
capable__single_pass,capable,single_pass,case_0016,3820
capable__single_pass,capable,single_pass,case_0017,1384
capable__single_pass,capable,single_pass,case_0018,1056
capable__single_pass,capable,single_pass,case_0019,1065
capable__single_pass,capable,single_pass,case_0020,1569
capable__single_pass,capable,single_pass,case_0021,2106
capable__single_pass,capable,single_pass,case_0022,1213
capable__single_pass,capable,single_pass,case_0023,1840
capable__single_pass,capable,single_pass,case_0024,1449
capable__single_pass,capable,single_pass,case_0025,1854
capable__single_pass,capable,single_pass,case_0026,1603
capable__single_pass,capable,single_pass,case_0027,1869
capable__single_pass,capable,single_pass,case_0028,1607
capable__single_pass,capable,single_pass,case_0029,2224
capable__single_pass,capable,single_pass,case_0030,1133
capable__single_pass,capable,single_pass,case_0031,1578
capable__single_pass,capable,single_pass,case_0032,2876
capable__single_pass,capable,single_pass,case_0033,1183
capable__single_pass,capable,single_pass,case_0034,1423
capable__single_pass,capable,single_pass,case_0035,2367
capable__single_pass,capable,single_pass,case_0036,1870
capable__single_pass,capable,single_pass,case_0037,1082
capable__single_pass,capable,single_pass,case_0038,2016
capable__single_pass,capable,single_pass,case_0039,1407
capable__single_pass,capable,single_pass,case_0040,1233
capable__single_pass,capable,single_pass,case_0041,1835
capable__single_pass,capable,single_pass,case_0042,1076
capable__single_pass,capable,single_pass,case_0043,1524
capable__single_pass,capable,single_pass,case_0044,1704
capable__single_pass,capable,single_pass,case_0045,1732
capable__single_pass,capable,single_pass,case_0046,1318
capable__single_pass,capable,single_pass,case_0047,1541
capable__single_pass,capable,single_pass,case_0048,1208
capable__single_pass,capable,single_pass,case_0049,2328
capable__single_pass,capable,single_pass,case_0050,1959
capable__single_pass,capable,single_pass,case_0051,1361
capable__single_pass,capable,single_pass,case_0052,1074
capable__single_pass,capable,single_pass,case_0053,1069
capable__single_pass,capable,single_pass,case_0054,1735
capable__single_pass,capable,single_pass,case_0055,1057
capable__single_pass,capable,single_pass,case_0056,1230
capable__single_pass,capable,single_pass,case_0057,1045
capable__single_pass,capable,single_pass,case_0058,1057
capable__single_pass,capable,single_pass,case_0059,1533
capable__single_pass,capable,single_pass,case_0060,1252
capable__single_pass,capable,single_pass,case_0061,1784
capable__single_pass,capable,single_pass,case_0062,1001
capable__single_pass,capable,single_pass,case_0063,1183
capable__single_pass,capable,single_pass,case_0064,1877
capable__single_pass,capable,single_pass,case_0065,1047
capable__single_pass,capable,single_pass,case_0066,2100
capable__single_pass,capable,single_pass,case_0067,1016
capable__single_pass,capable,single_pass,case_0068,1640
capable__single_pass,capable,single_pass,case_0069,1114
capable__single_pass,capable,single_pass,case_0070,1074
capable__single_pass,capable,single_pass,case_0071,1383
capable__single_pass,capable,single_pass,case_0072,1998
capable__single_pass,capable,single_pass,case_0073,1100
capable__single_pass,capable,single_pass,case_0074,1420
capable__single_pass,capable,single_pass,case_0075,2137
capable__single_pass,capable,single_pass,case_0076,1811
capable__single_pass,capable,single_pass,case_0077,1532
capable__single_pass,capable,single_pass,case_0078,1210
capable__single_pass,capable,single_pass,case_0079,2101
capable__single_pass,capable,single_pass,case_0080,2784
capable__single_pass,capable,single_pass,case_0081,1032
capable__single_pass,capable,single_pass,case_0082,1116
capable__single_pass,capable,single_pass,case_0083,2228
capable__single_pass,capable,single_pass,case_0084,1559
capable__single_pass,capable,single_pass,case_0085,2802
capable__single_pass,capable,single_pass,case_0086,1079
capable__single_pass,capable,single_pass,case_0087,1783
capable__single_pass,capable,single_pass,case_0088,1469
capable__single_pass,capable,single_pass,case_0089,1984
capable__single_pass,capable,single_pass,case_0090,1467
capable__single_pass,capable,single_pass,case_0091,2336
capable__single_pass,capable,single_pass,case_0092,1928
capable__single_pass,capable,single_pass,case_0093,1507
capable__single_pass,capable,single_pass,case_0094,1139
capable__single_pass,capable,single_pass,case_0095,1529
capable__single_pass,capable,single_pass,case_0096,1793
capable__single_pass,capable,single_pass,case_0097,1406
capable__single_pass,capable,single_pass,case_0098,2158
capable__single_pass,capable,single_pass,case_0099,1835
capable__single_pass,capable,single_pass,case_0100,3336
capable__single_pass,capable,single_pass,case_0101,1147
capable__single_pass,capable,single_pass,case_0102,1173
capable__single_pass,capable,single_pass,case_0103,1813
capable__single_pass,capable,single_pass,case_0104,2182
capable__single_pass,capable,single_pass,case_0105,1104
capable__single_pass,capable,single_pass,case_0106,1923
capable__single_pass,capable,single_pass,case_0107,1630
capable__single_pass,capable,single_pass,case_0108,1983
capable__single_pass,capable,single_pass,case_0109,1621
capable__single_pass,capable,single_pass,case_0110,1008
capable__single_pass,capable,single_pass,case_0111,1769
capable__single_pass,capable,single_pass,case_0112,1238
capable__single_pass,capable,single_pass,case_0113,1135
capable__single_pass,capable,single_pass,case_0114,2310
capable__single_pass,capable,single_pass,case_0115,1332
capable__single_pass,capable,single_pass,case_0116,1990
capable__single_pass,capable,single_pass,case_0117,1668
capable__single_pass,capable,single_pass,case_0118,1895
capable__single_pass,capable,single_pass,case_0119,2144
capable__single_pass,capable,single_pass,case_0120,1064
capable__single_pass,capable,single_pass,case_0121,1312
capable__single_pass,capable,single_pass,case_0122,1122
capable__single_pass,capable,single_pass,case_0123,1065
capable__single_pass,capable,single_pass,case_0124,1161
capable__single_pass,capable,single_pass,case_0125,1145
capable__single_pass,capable,single_pass,case_0126,8162
capable__single_pass,capable,single_pass,case_0127,1839
capable__single_pass,capable,single_pass,case_0128,1865
capable__single_pass,capable,single_pass,case_0129,1506
capable__single_pass,capable,single_pass,case_0130,1442
capable__single_pass,capable,single_pass,case_0131,1001
capable__single_pass,capable,single_pass,case_0132,2108
capable__single_pass,capable,single_pass,case_0133,1240
capable__single_pass,capable,single_pass,case_0134,1231
capable__single_pass,capable,single_pass,case_0135,1074
capable__single_pass,capable,single_pass,case_0136,1027
capable__single_pass,capable,single_pass,case_0137,1102
capable__single_pass,capable,single_pass,case_0138,2839
capable__single_pass,capable,single_pass,case_0139,1518
capable__single_pass,capable,single_pass,case_0140,1542
capable__single_pass,capable,single_pass,case_0141,1098
capable__single_pass,capable,single_pass,case_0142,1291
capable__single_pass,capable,single_pass,case_0143,1411
capable__single_pass,capable,single_pass,case_0144,1294
capable__single_pass,capable,single_pass,case_0145,3069
capable__single_pass,capable,single_pass,case_0146,1096
capable__single_pass,capable,single_pass,case_0147,2047
capable__single_pass,capable,single_pass,case_0148,1577
capable__single_pass,capable,single_pass,case_0149,1098
capable__single_pass,capable,single_pass,case_0150,1061
capable__single_pass,capable,single_pass,case_0151,1904
capable__single_pass,capable,single_pass,case_0152,1266
capable__single_pass,capable,single_pass,case_0153,1822
capable__single_pass,capable,single_pass,case_0154,1444
capable__single_pass,capable,single_pass,case_0155,1048
capable__single_pass,capable,single_pass,case_0156,1583
capable__single_pass,capable,single_pass,case_0157,1641
capable__single_pass,capable,single_pass,case_0158,1859
capable__single_pass,capable,single_pass,case_0159,1341
capable__single_pass,capable,single_pass,case_0160,1827
capable__single_pass,capable,single_pass,case_0161,1766
capable__single_pass,capable,single_pass,case_0162,1032
capable__single_pass,capable,single_pass,case_0163,2148
capable__single_pass,capable,single_pass,case_0164,990
capable__single_pass,capable,single_pass,case_0165,1004
capable__single_pass,capable,single_pass,case_0166,1162
capable__single_pass,capable,single_pass,case_0167,3323
capable__single_pass,capable,single_pass,case_0168,1452
capable__single_pass,capable,single_pass,case_0169,1336
capable__single_pass,capable,single_pass,case_0170,1015
capable__single_pass,capable,single_pass,case_0171,1635
capable__single_pass,capable,single_pass,case_0172,1004
capable__single_pass,capable,single_pass,case_0173,1434
capable__single_pass,capable,single_pass,case_0174,1815
capable__single_pass,capable,single_pass,case_0175,1215
capable__single_pass,capable,single_pass,case_0176,1110
capable__single_pass,capable,single_pass,case_0177,1472
capable__single_pass,capable,single_pass,case_0178,1031
capable__single_pass,capable,single_pass,case_0179,7805
capable__single_pass,capable,single_pass,case_0180,2709
capable__single_pass,capable,single_pass,case_0181,2107
capable__single_pass,capable,single_pass,case_0182,1912
capable__single_pass,capable,single_pass,case_0183,1083
capable__single_pass,capable,single_pass,case_0184,2301
capable__single_pass,capable,single_pass,case_0185,1497
capable__single_pass,capable,single_pass,case_0186,1245
capable__single_pass,capable,single_pass,case_0187,1777
capable__single_pass,capable,single_pass,case_0188,1130
capable__single_pass,capable,single_pass,case_0189,1636
capable__single_pass,capable,single_pass,case_0190,1025
capable__single_pass,capable,single_pass,case_0191,1123
capable__single_pass,capable,single_pass,case_0192,1894
capable__single_pass,capable,single_pass,case_0193,1305
capable__single_pass,capable,single_pass,case_0194,1920
capable__single_pass,capable,single_pass,case_0195,2144
capable__single_pass,capable,single_pass,case_0196,2049
capable__single_pass,capable,single_pass,case_0197,1134
capable__single_pass,capable,single_pass,case_0198,1730
capable__single_pass,capable,single_pass,case_0199,1014
capable__single_pass,capable,single_pass,case_0200,1553
capable__single_pass,capable,single_pass,case_0201,1414
capable__single_pass,capable,single_pass,case_0202,1081
capable__single_pass,capable,single_pass,case_0203,1169
capable__single_pass,capable,single_pass,case_0204,1095
capable__single_pass,capable,single_pass,case_0205,1242
capable__single_pass,capable,single_pass,case_0206,1076
capable__single_pass,capable,single_pass,case_0207,1073
capable__single_pass,capable,single_pass,case_0208,1105
capable__single_pass,capable,single_pass,case_0209,2073
capable__single_pass,capable,single_pass,case_0210,1152
capable__single_pass,capable,single_pass,case_0211,2077
capable__single_pass,capable,single_pass,case_0212,1098
capable__single_pass,capable,single_pass,case_0213,1124
capable__single_pass,capable,single_pass,case_0214,1179
capable__single_pass,capable,single_pass,case_0215,1070
capable__single_pass,capable,single_pass,case_0216,2085
capable__single_pass,capable,single_pass,case_0217,1669
capable__single_pass,capable,single_pass,case_0218,1484
capable__single_pass,capable,single_pass,case_0219,1283
capable__single_pass,capable,single_pass,case_0220,1042
capable__single_pass,capable,single_pass,case_0221,938
capable__single_pass,capable,single_pass,case_0222,1943
capable__single_pass,capable,single_pass,case_0223,1627
capable__single_pass,capable,single_pass,case_0224,2066
capable__single_pass,capable,single_pass,case_0225,2457
capable__single_pass,capable,single_pass,case_0226,1419
capable__single_pass,capable,single_pass,case_0227,1606
capable__single_pass,capable,single_pass,case_0228,1074
capable__single_pass,capable,single_pass,case_0229,1806
capable__single_pass,capable,single_pass,case_0230,1068
capable__single_pass,capable,single_pass,case_0231,2411
capable__single_pass,capable,single_pass,case_0232,2202
capable__single_pass,capable,single_pass,case_0233,1483
capable__single_pass,capable,single_pass,case_0234,1537
capable__single_pass,capable,single_pass,case_0235,1342
capable__single_pass,capable,single_pass,case_0236,1073
capable__single_pass,capable,single_pass,case_0237,1490
capable__single_pass,capable,single_pass,case_0238,1086
capable__single_pass,capable,single_pass,case_0239,1216
capable__single_pass,capable,single_pass,case_0240,1459
capable__single_pass,capable,single_pass,case_0241,2353
capable__single_pass,capable,single_pass,case_0242,1649
capable__single_pass,capable,single_pass,case_0243,1118
capable__single_pass,capable,single_pass,case_0244,2034
capable__single_pass,capable,single_pass,case_0245,1459
capable__single_pass,capable,single_pass,case_0246,1555
capable__single_pass,capable,single_pass,case_0247,1623
capable__single_pass,capable,single_pass,case_0248,1640
capable__single_pass,capable,single_pass,case_0249,1094
capable__single_pass,capable,single_pass,case_0250,1802
capable__single_pass,capable,single_pass,case_0251,1116
capable__single_pass,capable,single_pass,case_0252,1487
capable__single_pass,capable,single_pass,case_0253,1025
capable__single_pass,capable,single_pass,case_0254,1254
capable__single_pass,capable,single_pass,case_0255,1036
capable__single_pass,capable,single_pass,case_0256,1569
capable__single_pass,capable,single_pass,case_0257,2040
capable__single_pass,capable,single_pass,case_0258,1151
capable__single_pass,capable,single_pass,case_0259,2323
capable__single_pass,capable,single_pass,case_0260,1187
capable__single_pass,capable,single_pass,case_0261,991
capable__single_pass,capable,single_pass,case_0262,1987
capable__single_pass,capable,single_pass,case_0263,1022
capable__single_pass,capable,single_pass,case_0264,2218
capable__single_pass,capable,single_pass,case_0265,1122
capable__single_pass,capable,single_pass,case_0266,1078
capable__single_pass,capable,single_pass,case_0267,1034
capable__single_pass,capable,single_pass,case_0268,1082
capable__single_pass,capable,single_pass,case_0269,1917
capable__single_pass,capable,single_pass,case_0270,2039
capable__single_pass,capable,single_pass,case_0271,1121
capable__single_pass,capable,single_pass,case_0272,1398
capable__single_pass,capable,single_pass,case_0273,1681
capable__single_pass,capable,single_pass,case_0274,1310
capable__single_pass,capable,single_pass,case_0275,1407
capable__single_pass,capable,single_pass,case_0276,2752
capable__single_pass,capable,single_pass,case_0277,1934
capable__single_pass,capable,single_pass,case_0278,1608
capable__single_pass,capable,single_pass,case_0279,1480
capable__single_pass,capable,single_pass,case_0280,1050
capable__single_pass,capable,single_pass,case_0281,1841
capable__single_pass,capable,single_pass,case_0282,1580
capable__single_pass,capable,single_pass,case_0283,1120
capable__single_pass,capable,single_pass,case_0284,1922
capable__single_pass,capable,single_pass,case_0285,1104
capable__single_pass,capable,single_pass,case_0286,1942
capable__single_pass,capable,single_pass,case_0287,1167
capable__single_pass,capable,single_pass,case_0288,1058
capable__single_pass,capable,single_pass,case_0289,1140
capable__single_pass,capable,single_pass,case_0290,1848
capable__single_pass,capable,single_pass,case_0291,1851
capable__single_pass,capable,single_pass,case_0292,1273
capable__single_pass,capable,single_pass,case_0293,1083
capable__single_pass,capable,single_pass,case_0294,1229
capable__single_pass,capable,single_pass,case_0295,1604
capable__single_pass,capable,single_pass,case_0296,1063
capable__single_pass,capable,single_pass,case_0297,1084
capable__single_pass,capable,single_pass,case_0298,1095
capable__single_pass,capable,single_pass,case_0299,2129
capable__single_pass,capable,single_pass,case_0300,1774
capable__self_check,capable,self_check,case_0001,3153
capable__self_check,capable,self_check,case_0002,2645
capable__self_check,capable,self_check,case_0003,3529
capable__self_check,capable,self_check,case_0004,2941
capable__self_check,capable,self_check,case_0005,2279
capable__self_check,capable,self_check,case_0006,3743
capable__self_check,capable,self_check,case_0007,2912
capable__self_check,capable,self_check,case_0008,2281
capable__self_check,capable,self_check,case_0009,2718
capable__self_check,capable,self_check,case_0010,4054
capable__self_check,capable,self_check,case_0011,4094
capable__self_check,capable,self_check,case_0012,2844
capable__self_check,capable,self_check,case_0013,2491
capable__self_check,capable,self_check,case_0014,4131
capable__self_check,capable,self_check,case_0015,2497
capable__self_check,capable,self_check,case_0016,4301
capable__self_check,capable,self_check,case_0017,3320
capable__self_check,capable,self_check,case_0018,2318
capable__self_check,capable,self_check,case_0019,2438
capable__self_check,capable,self_check,case_0020,2260
capable__self_check,capable,self_check,case_0021,4243
capable__self_check,capable,self_check,case_0022,2404
capable__self_check,capable,self_check,case_0023,3295
capable__self_check,capable,self_check,case_0024,3239
capable__self_check,capable,self_check,case_0025,3439
capable__self_check,capable,self_check,case_0026,3454
capable__self_check,capable,self_check,case_0027,3684
capable__self_check,capable,self_check,case_0028,3291
capable__self_check,capable,self_check,case_0029,4899
capable__self_check,capable,self_check,case_0030,2162
capable__self_check,capable,self_check,case_0031,3164
capable__self_check,capable,self_check,case_0032,3355
capable__self_check,capable,self_check,case_0033,2253
capable__self_check,capable,self_check,case_0034,3575
capable__self_check,capable,self_check,case_0035,4268
capable__self_check,capable,self_check,case_0036,3922
capable__self_check,capable,self_check,case_0037,2497
capable__self_check,capable,self_check,case_0038,4488
capable__self_check,capable,self_check,case_0039,2275
capable__self_check,capable,self_check,case_0040,2220
capable__self_check,capable,self_check,case_0041,2922
capable__self_check,capable,self_check,case_0042,2395
capable__self_check,capable,self_check,case_0043,4114
capable__self_check,capable,self_check,case_0044,3148
capable__self_check,capable,self_check,case_0045,3026
capable__self_check,capable,self_check,case_0046,2716
capable__self_check,capable,self_check,case_0047,3768
capable__self_check,capable,self_check,case_0048,2138
capable__self_check,capable,self_check,case_0049,3725
capable__self_check,capable,self_check,case_0050,3640
capable__self_check,capable,self_check,case_0051,3319
capable__self_check,capable,self_check,case_0052,2337
capable__self_check,capable,self_check,case_0053,2177
capable__self_check,capable,self_check,case_0054,3226
capable__self_check,capable,self_check,case_0055,2598
capable__self_check,capable,self_check,case_0056,2708
capable__self_check,capable,self_check,case_0057,2609
capable__self_check,capable,self_check,case_0058,2809
capable__self_check,capable,self_check,case_0059,2207
capable__self_check,capable,self_check,case_0060,2145
capable__self_check,capable,self_check,case_0061,3054
capable__self_check,capable,self_check,case_0062,2945
capable__self_check,capable,self_check,case_0063,3033
capable__self_check,capable,self_check,case_0064,4683
capable__self_check,capable,self_check,case_0065,2552
capable__self_check,capable,self_check,case_0066,4324
capable__self_check,capable,self_check,case_0067,2138
capable__self_check,capable,self_check,case_0068,3788
capable__self_check,capable,self_check,case_0069,2163
capable__self_check,capable,self_check,case_0070,2911
capable__self_check,capable,self_check,case_0071,2672
capable__self_check,capable,self_check,case_0072,3953
capable__self_check,capable,self_check,case_0073,2064
capable__self_check,capable,self_check,case_0074,3567
capable__self_check,capable,self_check,case_0075,4268
capable__self_check,capable,self_check,case_0076,3963
capable__self_check,capable,self_check,case_0077,3306
capable__self_check,capable,self_check,case_0078,2365
capable__self_check,capable,self_check,case_0079,3882
capable__self_check,capable,self_check,case_0080,4751
capable__self_check,capable,self_check,case_0081,2109
capable__self_check,capable,self_check,case_0082,2245
capable__self_check,capable,self_check,case_0083,4668
capable__self_check,capable,self_check,case_0084,2917
capable__self_check,capable,self_check,case_0085,5041
capable__self_check,capable,self_check,case_0086,2317
capable__self_check,capable,self_check,case_0087,2874
capable__self_check,capable,self_check,case_0088,2770
capable__self_check,capable,self_check,case_0089,4264
capable__self_check,capable,self_check,case_0090,3079
capable__self_check,capable,self_check,case_0091,4621
capable__self_check,capable,self_check,case_0092,3695
capable__self_check,capable,self_check,case_0093,3273
capable__self_check,capable,self_check,case_0094,2326
capable__self_check,capable,self_check,case_0095,2636
capable__self_check,capable,self_check,case_0096,3402
capable__self_check,capable,self_check,case_0097,2414
capable__self_check,capable,self_check,case_0098,4088
capable__self_check,capable,self_check,case_0099,3631
capable__self_check,capable,self_check,case_0100,5465
capable__self_check,capable,self_check,case_0101,2333
capable__self_check,capable,self_check,case_0102,2184
capable__self_check,capable,self_check,case_0103,4323
capable__self_check,capable,self_check,case_0104,4395
capable__self_check,capable,self_check,case_0105,2608
capable__self_check,capable,self_check,case_0106,2775
capable__self_check,capable,self_check,case_0107,3051
capable__self_check,capable,self_check,case_0108,3983
capable__self_check,capable,self_check,case_0109,3649
capable__self_check,capable,self_check,case_0110,2286
capable__self_check,capable,self_check,case_0111,3380
capable__self_check,capable,self_check,case_0112,2480
capable__self_check,capable,self_check,case_0113,2441
capable__self_check,capable,self_check,case_0114,3896
capable__self_check,capable,self_check,case_0115,2531
capable__self_check,capable,self_check,case_0116,3237
capable__self_check,capable,self_check,case_0117,2966
capable__self_check,capable,self_check,case_0118,3476
capable__self_check,capable,self_check,case_0119,5192
capable__self_check,capable,self_check,case_0120,2624
capable__self_check,capable,self_check,case_0121,2116
capable__self_check,capable,self_check,case_0122,2094
capable__self_check,capable,self_check,case_0123,2321
capable__self_check,capable,self_check,case_0124,2415
capable__self_check,capable,self_check,case_0125,2252
capable__self_check,capable,self_check,case_0126,2300
capable__self_check,capable,self_check,case_0127,3592
capable__self_check,capable,self_check,case_0128,3291
capable__self_check,capable,self_check,case_0129,3673
capable__self_check,capable,self_check,case_0130,2779
capable__self_check,capable,self_check,case_0131,2273
capable__self_check,capable,self_check,case_0132,3736
capable__self_check,capable,self_check,case_0133,2855
capable__self_check,capable,self_check,case_0134,2029
capable__self_check,capable,self_check,case_0135,2211
capable__self_check,capable,self_check,case_0136,2210
capable__self_check,capable,self_check,case_0137,2286
capable__self_check,capable,self_check,case_0138,5869
capable__self_check,capable,self_check,case_0139,3078
capable__self_check,capable,self_check,case_0140,3066
capable__self_check,capable,self_check,case_0141,2245
capable__self_check,capable,self_check,case_0142,2815
capable__self_check,capable,self_check,case_0143,2777
capable__self_check,capable,self_check,case_0144,2593
capable__self_check,capable,self_check,case_0145,4644
capable__self_check,capable,self_check,case_0146,2414
capable__self_check,capable,self_check,case_0147,3698
capable__self_check,capable,self_check,case_0148,4098
capable__self_check,capable,self_check,case_0149,2527
capable__self_check,capable,self_check,case_0150,2384
capable__self_check,capable,self_check,case_0151,4939
capable__self_check,capable,self_check,case_0152,2245
capable__self_check,capable,self_check,case_0153,2975
capable__self_check,capable,self_check,case_0154,2648
capable__self_check,capable,self_check,case_0155,2425
capable__self_check,capable,self_check,case_0156,2182
capable__self_check,capable,self_check,case_0157,3356
capable__self_check,capable,self_check,case_0158,4131
capable__self_check,capable,self_check,case_0159,2812
capable__self_check,capable,self_check,case_0160,3185
capable__self_check,capable,self_check,case_0161,2750
capable__self_check,capable,self_check,case_0162,2251
capable__self_check,capable,self_check,case_0163,3319
capable__self_check,capable,self_check,case_0164,2330
capable__self_check,capable,self_check,case_0165,2466
capable__self_check,capable,self_check,case_0166,2442
capable__self_check,capable,self_check,case_0167,5670
capable__self_check,capable,self_check,case_0168,2457
capable__self_check,capable,self_check,case_0169,2933
capable__self_check,capable,self_check,case_0170,2055
capable__self_check,capable,self_check,case_0171,3716
capable__self_check,capable,self_check,case_0172,2213
capable__self_check,capable,self_check,case_0173,2556
capable__self_check,capable,self_check,case_0174,4376
capable__self_check,capable,self_check,case_0175,2286
capable__self_check,capable,self_check,case_0176,2196
capable__self_check,capable,self_check,case_0177,3094
capable__self_check,capable,self_check,case_0178,2244
capable__self_check,capable,self_check,case_0179,3595
capable__self_check,capable,self_check,case_0180,3916
capable__self_check,capable,self_check,case_0181,2494
capable__self_check,capable,self_check,case_0182,2919
capable__self_check,capable,self_check,case_0183,2921
capable__self_check,capable,self_check,case_0184,3858
capable__self_check,capable,self_check,case_0185,2969
capable__self_check,capable,self_check,case_0186,2109
capable__self_check,capable,self_check,case_0187,3416
capable__self_check,capable,self_check,case_0188,2614
capable__self_check,capable,self_check,case_0189,2848
capable__self_check,capable,self_check,case_0190,2878
capable__self_check,capable,self_check,case_0191,2549
capable__self_check,capable,self_check,case_0192,4173
capable__self_check,capable,self_check,case_0193,2099
capable__self_check,capable,self_check,case_0194,3007
capable__self_check,capable,self_check,case_0195,4228
capable__self_check,capable,self_check,case_0196,3737
capable__self_check,capable,self_check,case_0197,2776
capable__self_check,capable,self_check,case_0198,4011
capable__self_check,capable,self_check,case_0199,2334
capable__self_check,capable,self_check,case_0200,2453
capable__self_check,capable,self_check,case_0201,3153
capable__self_check,capable,self_check,case_0202,2234
capable__self_check,capable,self_check,case_0203,3483
capable__self_check,capable,self_check,case_0204,2574
capable__self_check,capable,self_check,case_0205,2328
capable__self_check,capable,self_check,case_0206,2189
capable__self_check,capable,self_check,case_0207,2655
capable__self_check,capable,self_check,case_0208,2156
capable__self_check,capable,self_check,case_0209,3384
capable__self_check,capable,self_check,case_0210,2286
capable__self_check,capable,self_check,case_0211,4369
capable__self_check,capable,self_check,case_0212,2304
capable__self_check,capable,self_check,case_0213,2084
capable__self_check,capable,self_check,case_0214,2102
capable__self_check,capable,self_check,case_0215,2163
capable__self_check,capable,self_check,case_0216,4227
capable__self_check,capable,self_check,case_0217,3281
capable__self_check,capable,self_check,case_0218,3458
capable__self_check,capable,self_check,case_0219,2251
capable__self_check,capable,self_check,case_0220,2658
capable__self_check,capable,self_check,case_0221,2877
capable__self_check,capable,self_check,case_0222,4125
capable__self_check,capable,self_check,case_0223,3336
capable__self_check,capable,self_check,case_0224,4506
capable__self_check,capable,self_check,case_0225,5129
capable__self_check,capable,self_check,case_0226,2274
capable__self_check,capable,self_check,case_0227,3446
capable__self_check,capable,self_check,case_0228,4097
capable__self_check,capable,self_check,case_0229,6339
capable__self_check,capable,self_check,case_0230,2552
capable__self_check,capable,self_check,case_0231,5378
capable__self_check,capable,self_check,case_0232,10447
capable__self_check,capable,self_check,case_0233,2866
capable__self_check,capable,self_check,case_0234,3100
capable__self_check,capable,self_check,case_0235,6950
capable__self_check,capable,self_check,case_0236,2393
capable__self_check,capable,self_check,case_0237,2953
capable__self_check,capable,self_check,case_0238,2149
capable__self_check,capable,self_check,case_0239,6908
capable__self_check,capable,self_check,case_0240,2767
capable__self_check,capable,self_check,case_0241,5935
capable__self_check,capable,self_check,case_0242,2861
capable__self_check,capable,self_check,case_0243,2323
capable__self_check,capable,self_check,case_0244,2866
capable__self_check,capable,self_check,case_0245,2977
capable__self_check,capable,self_check,case_0246,2950
capable__self_check,capable,self_check,case_0247,2878
capable__self_check,capable,self_check,case_0248,3133
capable__self_check,capable,self_check,case_0249,2238
capable__self_check,capable,self_check,case_0250,3060
capable__self_check,capable,self_check,case_0251,2021
capable__self_check,capable,self_check,case_0252,2512
capable__self_check,capable,self_check,case_0253,2419
capable__self_check,capable,self_check,case_0254,2419
capable__self_check,capable,self_check,case_0255,2087
capable__self_check,capable,self_check,case_0256,2761
capable__self_check,capable,self_check,case_0257,4229
capable__self_check,capable,self_check,case_0258,2568
capable__self_check,capable,self_check,case_0259,4729
capable__self_check,capable,self_check,case_0260,2268
capable__self_check,capable,self_check,case_0261,2177
capable__self_check,capable,self_check,case_0262,3465
capable__self_check,capable,self_check,case_0263,3077
capable__self_check,capable,self_check,case_0264,3731
capable__self_check,capable,self_check,case_0265,2271
capable__self_check,capable,self_check,case_0266,1975
capable__self_check,capable,self_check,case_0267,2310
capable__self_check,capable,self_check,case_0268,2271
capable__self_check,capable,self_check,case_0269,3136
capable__self_check,capable,self_check,case_0270,3073
capable__self_check,capable,self_check,case_0271,2015
capable__self_check,capable,self_check,case_0272,2837
capable__self_check,capable,self_check,case_0273,2036
capable__self_check,capable,self_check,case_0274,2520
capable__self_check,capable,self_check,case_0275,2720
capable__self_check,capable,self_check,case_0276,4927
capable__self_check,capable,self_check,case_0277,2797
capable__self_check,capable,self_check,case_0278,3355
capable__self_check,capable,self_check,case_0279,2737
capable__self_check,capable,self_check,case_0280,2166
capable__self_check,capable,self_check,case_0281,3138
capable__self_check,capable,self_check,case_0282,2558
capable__self_check,capable,self_check,case_0283,2341
capable__self_check,capable,self_check,case_0284,3461
capable__self_check,capable,self_check,case_0285,2199
capable__self_check,capable,self_check,case_0286,5752
capable__self_check,capable,self_check,case_0287,2202
capable__self_check,capable,self_check,case_0288,2146
capable__self_check,capable,self_check,case_0289,2654
capable__self_check,capable,self_check,case_0290,3909
capable__self_check,capable,self_check,case_0291,4326
capable__self_check,capable,self_check,case_0292,2088
capable__self_check,capable,self_check,case_0293,2188
capable__self_check,capable,self_check,case_0294,2265
capable__self_check,capable,self_check,case_0295,3154
capable__self_check,capable,self_check,case_0296,4586
capable__self_check,capable,self_check,case_0297,2098
capable__self_check,capable,self_check,case_0298,2053
capable__self_check,capable,self_check,case_0299,3364
capable__self_check,capable,self_check,case_0300,3194
capable__escalation,capable,escalation,case_0001,1276
capable__escalation,capable,escalation,case_0002,2245
capable__escalation,capable,escalation,case_0003,1525
capable__escalation,capable,escalation,case_0004,1284
capable__escalation,capable,escalation,case_0005,2408
capable__escalation,capable,escalation,case_0006,1362
capable__escalation,capable,escalation,case_0007,3134
capable__escalation,capable,escalation,case_0008,2105
capable__escalation,capable,escalation,case_0009,1307
capable__escalation,capable,escalation,case_0010,3046
capable__escalation,capable,escalation,case_0011,1056
capable__escalation,capable,escalation,case_0012,1414
capable__escalation,capable,escalation,case_0013,2159
capable__escalation,capable,escalation,case_0014,2082
capable__escalation,capable,escalation,case_0015,2131
capable__escalation,capable,escalation,case_0016,1814
capable__escalation,capable,escalation,case_0017,1291
capable__escalation,capable,escalation,case_0018,3168
capable__escalation,capable,escalation,case_0019,2405
capable__escalation,capable,escalation,case_0020,2204
capable__escalation,capable,escalation,case_0021,4795
capable__escalation,capable,escalation,case_0022,5062
capable__escalation,capable,escalation,case_0023,3202
capable__escalation,capable,escalation,case_0024,1390
capable__escalation,capable,escalation,case_0025,1512
capable__escalation,capable,escalation,case_0026,1600
capable__escalation,capable,escalation,case_0027,1174
capable__escalation,capable,escalation,case_0028,1405
capable__escalation,capable,escalation,case_0029,4030
capable__escalation,capable,escalation,case_0030,2272
capable__escalation,capable,escalation,case_0031,2096
capable__escalation,capable,escalation,case_0032,3471
capable__escalation,capable,escalation,case_0033,1200
capable__escalation,capable,escalation,case_0034,1279
capable__escalation,capable,escalation,case_0035,1612
capable__escalation,capable,escalation,case_0036,3261
capable__escalation,capable,escalation,case_0037,2399
capable__escalation,capable,escalation,case_0038,1038
capable__escalation,capable,escalation,case_0039,2418
capable__escalation,capable,escalation,case_0040,4105
capable__escalation,capable,escalation,case_0041,1871
capable__escalation,capable,escalation,case_0042,4032
capable__escalation,capable,escalation,case_0043,1464
capable__escalation,capable,escalation,case_0044,2717
capable__escalation,capable,escalation,case_0045,1564
capable__escalation,capable,escalation,case_0046,1473
capable__escalation,capable,escalation,case_0047,1070
capable__escalation,capable,escalation,case_0048,2408
capable__escalation,capable,escalation,case_0049,2341
capable__escalation,capable,escalation,case_0050,1383
capable__escalation,capable,escalation,case_0051,1612
capable__escalation,capable,escalation,case_0052,3168
capable__escalation,capable,escalation,case_0053,3198
capable__escalation,capable,escalation,case_0054,1403
capable__escalation,capable,escalation,case_0055,2415
capable__escalation,capable,escalation,case_0056,2540
capable__escalation,capable,escalation,case_0057,2199
capable__escalation,capable,escalation,case_0058,2290
capable__escalation,capable,escalation,case_0059,2600
capable__escalation,capable,escalation,case_0060,2528
capable__escalation,capable,escalation,case_0061,1495
capable__escalation,capable,escalation,case_0062,2039
capable__escalation,capable,escalation,case_0063,2561
capable__escalation,capable,escalation,case_0064,1671
capable__escalation,capable,escalation,case_0065,1995
capable__escalation,capable,escalation,case_0066,4000
capable__escalation,capable,escalation,case_0067,2384
capable__escalation,capable,escalation,case_0068,5244
capable__escalation,capable,escalation,case_0069,2065
capable__escalation,capable,escalation,case_0070,2238
capable__escalation,capable,escalation,case_0071,2369
capable__escalation,capable,escalation,case_0072,3812
capable__escalation,capable,escalation,case_0073,2320
capable__escalation,capable,escalation,case_0074,4010
capable__escalation,capable,escalation,case_0075,3362
capable__escalation,capable,escalation,case_0076,1316
capable__escalation,capable,escalation,case_0077,1430
capable__escalation,capable,escalation,case_0078,2258
capable__escalation,capable,escalation,case_0079,3833
capable__escalation,capable,escalation,case_0080,1956
capable__escalation,capable,escalation,case_0081,2274
capable__escalation,capable,escalation,case_0082,2375
capable__escalation,capable,escalation,case_0083,3320
capable__escalation,capable,escalation,case_0084,1355
capable__escalation,capable,escalation,case_0085,1302
capable__escalation,capable,escalation,case_0086,2611
capable__escalation,capable,escalation,case_0087,1401
capable__escalation,capable,escalation,case_0088,1353
capable__escalation,capable,escalation,case_0089,1270
capable__escalation,capable,escalation,case_0090,1514
capable__escalation,capable,escalation,case_0091,1360
capable__escalation,capable,escalation,case_0092,1363
capable__escalation,capable,escalation,case_0093,1531
capable__escalation,capable,escalation,case_0094,1231
capable__escalation,capable,escalation,case_0095,1575
capable__escalation,capable,escalation,case_0096,1572
capable__escalation,capable,escalation,case_0097,2371
capable__escalation,capable,escalation,case_0098,1862
capable__escalation,capable,escalation,case_0099,3155
capable__escalation,capable,escalation,case_0100,1722
capable__escalation,capable,escalation,case_0101,2610
capable__escalation,capable,escalation,case_0102,2893
capable__escalation,capable,escalation,case_0103,1116
capable__escalation,capable,escalation,case_0104,3353
capable__escalation,capable,escalation,case_0105,1997
capable__escalation,capable,escalation,case_0106,1330
capable__escalation,capable,escalation,case_0107,1618
capable__escalation,capable,escalation,case_0108,1726
capable__escalation,capable,escalation,case_0109,1512
capable__escalation,capable,escalation,case_0110,1957
capable__escalation,capable,escalation,case_0111,1644
capable__escalation,capable,escalation,case_0112,2413
capable__escalation,capable,escalation,case_0113,3138
capable__escalation,capable,escalation,case_0114,1163
capable__escalation,capable,escalation,case_0115,1555
capable__escalation,capable,escalation,case_0116,2873
capable__escalation,capable,escalation,case_0117,1495
capable__escalation,capable,escalation,case_0118,2262
capable__escalation,capable,escalation,case_0119,3642
capable__escalation,capable,escalation,case_0120,2171
capable__escalation,capable,escalation,case_0121,2517
capable__escalation,capable,escalation,case_0122,2307
capable__escalation,capable,escalation,case_0123,2334
capable__escalation,capable,escalation,case_0124,1484
capable__escalation,capable,escalation,case_0125,2169
capable__escalation,capable,escalation,case_0126,2122
capable__escalation,capable,escalation,case_0127,1265
capable__escalation,capable,escalation,case_0128,1342
capable__escalation,capable,escalation,case_0129,1143
capable__escalation,capable,escalation,case_0130,2332
capable__escalation,capable,escalation,case_0131,2237
capable__escalation,capable,escalation,case_0132,4404
capable__escalation,capable,escalation,case_0133,2227
capable__escalation,capable,escalation,case_0134,2092
capable__escalation,capable,escalation,case_0135,2123
capable__escalation,capable,escalation,case_0136,2450
capable__escalation,capable,escalation,case_0137,2901
capable__escalation,capable,escalation,case_0138,3555
capable__escalation,capable,escalation,case_0139,1642
capable__escalation,capable,escalation,case_0140,1668
capable__escalation,capable,escalation,case_0141,2148
capable__escalation,capable,escalation,case_0142,1674
capable__escalation,capable,escalation,case_0143,1431
capable__escalation,capable,escalation,case_0144,1334
capable__escalation,capable,escalation,case_0145,1896
capable__escalation,capable,escalation,case_0146,2235
capable__escalation,capable,escalation,case_0147,2058
capable__escalation,capable,escalation,case_0148,1619
capable__escalation,capable,escalation,case_0149,2183
capable__escalation,capable,escalation,case_0150,2023
capable__escalation,capable,escalation,case_0151,1561
capable__escalation,capable,escalation,case_0152,2390
capable__escalation,capable,escalation,case_0153,1097
capable__escalation,capable,escalation,case_0154,1357
capable__escalation,capable,escalation,case_0155,2078
capable__escalation,capable,escalation,case_0156,2578
capable__escalation,capable,escalation,case_0157,1722
capable__escalation,capable,escalation,case_0158,1093
capable__escalation,capable,escalation,case_0159,1702
capable__escalation,capable,escalation,case_0160,1423
capable__escalation,capable,escalation,case_0161,2872
capable__escalation,capable,escalation,case_0162,2453
capable__escalation,capable,escalation,case_0163,3279
capable__escalation,capable,escalation,case_0164,2239
capable__escalation,capable,escalation,case_0165,2266
capable__escalation,capable,escalation,case_0166,2083
capable__escalation,capable,escalation,case_0167,4154
capable__escalation,capable,escalation,case_0168,2281
capable__escalation,capable,escalation,case_0169,1141
capable__escalation,capable,escalation,case_0170,2410
capable__escalation,capable,escalation,case_0171,1847
capable__escalation,capable,escalation,case_0172,2234
capable__escalation,capable,escalation,case_0173,1318
capable__escalation,capable,escalation,case_0174,1201
capable__escalation,capable,escalation,case_0175,1418
capable__escalation,capable,escalation,case_0176,2153
capable__escalation,capable,escalation,case_0177,1417
capable__escalation,capable,escalation,case_0178,2298
capable__escalation,capable,escalation,case_0179,3224
capable__escalation,capable,escalation,case_0180,3371
capable__escalation,capable,escalation,case_0181,2517
capable__escalation,capable,escalation,case_0182,1084
capable__escalation,capable,escalation,case_0183,3530
capable__escalation,capable,escalation,case_0184,3650
capable__escalation,capable,escalation,case_0185,1391
capable__escalation,capable,escalation,case_0186,2264
capable__escalation,capable,escalation,case_0187,1895
capable__escalation,capable,escalation,case_0188,2288
capable__escalation,capable,escalation,case_0189,1374
capable__escalation,capable,escalation,case_0190,2612
capable__escalation,capable,escalation,case_0191,2177
capable__escalation,capable,escalation,case_0192,1845
capable__escalation,capable,escalation,case_0193,1202
capable__escalation,capable,escalation,case_0194,3324
capable__escalation,capable,escalation,case_0195,2256
capable__escalation,capable,escalation,case_0196,1536
capable__escalation,capable,escalation,case_0197,2287
capable__escalation,capable,escalation,case_0198,1415
capable__escalation,capable,escalation,case_0199,2235
capable__escalation,capable,escalation,case_0200,1243
capable__escalation,capable,escalation,case_0201,1718
capable__escalation,capable,escalation,case_0202,2334
capable__escalation,capable,escalation,case_0203,2783
capable__escalation,capable,escalation,case_0204,2183
capable__escalation,capable,escalation,case_0205,1010
capable__escalation,capable,escalation,case_0206,2548
capable__escalation,capable,escalation,case_0207,2101
capable__escalation,capable,escalation,case_0208,2434
capable__escalation,capable,escalation,case_0209,2753
capable__escalation,capable,escalation,case_0210,3128
capable__escalation,capable,escalation,case_0211,3643
capable__escalation,capable,escalation,case_0212,1146
capable__escalation,capable,escalation,case_0213,2201
capable__escalation,capable,escalation,case_0214,2472
capable__escalation,capable,escalation,case_0215,2386
capable__escalation,capable,escalation,case_0216,1770
capable__escalation,capable,escalation,case_0217,1775
capable__escalation,capable,escalation,case_0218,1950
capable__escalation,capable,escalation,case_0219,2071
capable__escalation,capable,escalation,case_0220,2204
capable__escalation,capable,escalation,case_0221,1069
capable__escalation,capable,escalation,case_0222,1450
capable__escalation,capable,escalation,case_0223,1473
capable__escalation,capable,escalation,case_0224,2010
capable__escalation,capable,escalation,case_0225,1092
capable__escalation,capable,escalation,case_0226,2410
capable__escalation,capable,escalation,case_0227,1864
capable__escalation,capable,escalation,case_0228,2417
capable__escalation,capable,escalation,case_0229,4725
capable__escalation,capable,escalation,case_0230,3775
capable__escalation,capable,escalation,case_0231,1750
capable__escalation,capable,escalation,case_0232,2095
capable__escalation,capable,escalation,case_0233,1474
capable__escalation,capable,escalation,case_0234,1455
capable__escalation,capable,escalation,case_0235,994
capable__escalation,capable,escalation,case_0236,2070
capable__escalation,capable,escalation,case_0237,1695
capable__escalation,capable,escalation,case_0238,2211
capable__escalation,capable,escalation,case_0239,2084
capable__escalation,capable,escalation,case_0240,1401
capable__escalation,capable,escalation,case_0241,2118
capable__escalation,capable,escalation,case_0242,1300
capable__escalation,capable,escalation,case_0243,2727
capable__escalation,capable,escalation,case_0244,1431
capable__escalation,capable,escalation,case_0245,1151
capable__escalation,capable,escalation,case_0246,1569
capable__escalation,capable,escalation,case_0247,1680
capable__escalation,capable,escalation,case_0248,1473
capable__escalation,capable,escalation,case_0249,2282
capable__escalation,capable,escalation,case_0250,1781
capable__escalation,capable,escalation,case_0251,2264
capable__escalation,capable,escalation,case_0252,1227
capable__escalation,capable,escalation,case_0253,2692
capable__escalation,capable,escalation,case_0254,2430
capable__escalation,capable,escalation,case_0255,2437
capable__escalation,capable,escalation,case_0256,1142
capable__escalation,capable,escalation,case_0257,1548
capable__escalation,capable,escalation,case_0258,2233
capable__escalation,capable,escalation,case_0259,1511
capable__escalation,capable,escalation,case_0260,2147
capable__escalation,capable,escalation,case_0261,2092
capable__escalation,capable,escalation,case_0262,3256
capable__escalation,capable,escalation,case_0263,2478
capable__escalation,capable,escalation,case_0264,3337
capable__escalation,capable,escalation,case_0265,2487
capable__escalation,capable,escalation,case_0266,2104
capable__escalation,capable,escalation,case_0267,2098
capable__escalation,capable,escalation,case_0268,2180
capable__escalation,capable,escalation,case_0269,1508
capable__escalation,capable,escalation,case_0270,4037
capable__escalation,capable,escalation,case_0271,2150
capable__escalation,capable,escalation,case_0272,1196
capable__escalation,capable,escalation,case_0273,3814
capable__escalation,capable,escalation,case_0274,1555
capable__escalation,capable,escalation,case_0275,1379
capable__escalation,capable,escalation,case_0276,2341
capable__escalation,capable,escalation,case_0277,1560
capable__escalation,capable,escalation,case_0278,1502
capable__escalation,capable,escalation,case_0279,1044
capable__escalation,capable,escalation,case_0280,2463
capable__escalation,capable,escalation,case_0281,1520
capable__escalation,capable,escalation,case_0282,1751
capable__escalation,capable,escalation,case_0283,2941
capable__escalation,capable,escalation,case_0284,1765
capable__escalation,capable,escalation,case_0285,3299
capable__escalation,capable,escalation,case_0286,3517
capable__escalation,capable,escalation,case_0287,2386
capable__escalation,capable,escalation,case_0288,2106
capable__escalation,capable,escalation,case_0289,2357
capable__escalation,capable,escalation,case_0290,1505
capable__escalation,capable,escalation,case_0291,4145
capable__escalation,capable,escalation,case_0292,2284
capable__escalation,capable,escalation,case_0293,2610
capable__escalation,capable,escalation,case_0294,2463
capable__escalation,capable,escalation,case_0295,1334
capable__escalation,capable,escalation,case_0296,2277
capable__escalation,capable,escalation,case_0297,2438
capable__escalation,capable,escalation,case_0298,2153
capable__escalation,capable,escalation,case_0299,1673
capable__escalation,capable,escalation,case_0300,1196
